keyphrase;score
segama Swedish business;0.8977
Swedish business voodi;0.8923
Baltic Fashion Kädwok;0.892
sits sifoon mõiste;0.8787
mõte Jackpot põnevam;0.8686
üldse kursus õppejõud;0.8655
sifoonkleit mantel kõneaine;0.8641
pärl litre kõikvõimalik;0.8628
täiendama mõte Jackpot;0.8612
Fashion Kädwok kutsutud;0.8603
kristallkivike sits sifoon;0.8574
tõusma isiklik plaan;0.8525
õppejõud kaks päev;0.8503
värvi~line mugav mõnus;0.8488
perfektsionism litre vahe;0.8484
Pariis Kreeka magistriõping;0.8482
lill Jahilo sõber;0.8472
Lilly Silberg väidetavalt;0.8455
no põhjamaine esteetika;0.8446
Saaremaahõng jõudma pihlakas;0.8437
Pariis muusika jutt;0.8434
Berliin moelava loomulikult;0.8423
tikand eriala Chanel;0.8414
üllatus tege ringkäik;0.8405
maailmavärv kristallkivike sits;0.8397
sifoon mõiste suhteliselt;0.8394
Berliin moenädal moekunstnik;0.8389
ühisjõud omastilistika ettepanek;0.8388
tiim partner õmbleja;0.8388
nägema kleit statistika;0.8385
Eesti märksõna lihtsalt;0.8385
no moemaailm ühiskond;0.8385
kohalik suursponsor Meybel;0.8378
üldsegi loominguline teema;0.8376
Berliin moenäda lill;0.8372
portfooliot Eesti mõiste;0.837
ütlema kliendinumber tõusma;0.8369
fanati fänn esema;0.8365
disain looming märksõna;0.8362
üldse pääsema järelm;0.8359
hetk jälle Sõprusringkond;0.8348
tallitöö arvama lõppeesmärk;0.8347
mood foto mõtlema;0.8346
moodi ühesõnaga hõng;0.8343
linnamüra laad hästi;0.8337
kommunikeerima riie väärtus;0.8337
tänane jutusaa külaline;0.8332
paberitöö ühesõnaga büroo;0.8329
Berliin moenädal 2012;0.8325
hämmastama perfektsionism litre;0.8322
hea anonüümselt sõber;0.832
arvepidamine konstruktor õmbleja;0.8318
garderoobijärjekord pakkuma sifoonkleit;0.8317
ütlema tõsiselt mastaap;0.8314
tegelikult vaikselt Raplamaa;0.8312
küsimus mood jõudmine;0.8312
täna arust oluline;0.831
arvama kirg pühendumus;0.8308
Vaiko Epliku sulg;0.8303
niukse niukene nööpnõel;0.83
Euroopa ots põhjamaa;0.83
Euroopa moelava moenädal;0.83
kohutavalt väsitav võtma;0.8296
Balti riik Läänemeri;0.8292
näitama regioon mitmekülgsus;0.8288
loomulikult eesmärk moemaailm;0.8288
tähendama labav süsteem;0.8288
traditsiooniline käsitöövõte õppimine;0.8285
tõsiselt mastaap täpne;0.8285
võimalik foto kvaliteet;0.8283
moemaailm sageli rääkima;0.8283
huvitama traditsiooniline käsitöövõte;0.8278
jõudma oluline päritolu;0.8276
kirg pühendumus asi;0.8275
täiendama kõrgmoe tikand;0.8272
kriitika kriitika moemaailm;0.8271
ühepäevane eemalolek linnamüra;0.8265
Berliin moenädalane küsima;0.8265
hästi suur moelava;0.8263
Ida-Euroopa riik suur;0.826
lõputöö tundma impulss;0.8259
litre kõikvõimalik helme;0.8259
tooma soe värvi~line;0.8255
tähelepanu oluline idee;0.825
Oslo S magistrikraad;0.8249
suur Euroopa moelava;0.8249
moenädalane küsima küsimus;0.8246
labav süsteem inimene;0.8245
jälle lihtsalt kiire;0.8244
oluline oluline märksõna;0.8243
Eesti meedia huvi;0.8243
Tallinn väärtus funktsioon;0.8243
mõtteelu mõte suurim;0.8243
Berliin moenäda lisa;0.8242
nii-öelda eesti tikand;0.8241
otsima mõtlema tind;0.8241
anonüümselt sõber kuldne;0.8239
tegevus õudselt tegelikult;0.8239
värvikirev külluslik no;0.8236
küsimus algus Nestor;0.8236
kaks päev nädal;0.8236
keel õppima eye;0.8233
võimeline konstrueerima õmblema;0.8232
mood ala gaasiateljee;0.8231
rääkima väike nüanss;0.8231
nägema vaba õnn;0.8228
ainus mõtteelu mõte;0.8227
algus Nestor nojah;0.8227
muusika mängima Vaiko;0.8223
mood jõudmine kindlasti;0.8222
moelava loomulikult mõtlema;0.8219
lõppeesmärk tahtma õudsalt;0.8218
põnevam arvama Pariig;0.8217
küsimus küsima Eesti;0.8217
Pariis lessaaž ateljee;0.8213
Urmas Väljaots Maret;0.8213
kultuuriruum majanduslangus kahtlemata;0.8212
majanduslangus kahtlemata mõjutama;0.8212
nimi Baltic Fashion;0.8211
ütlema töö moemaailm;0.8211
kavand konstruktor lõige;0.821
riie väärtus ütlema;0.821
teisalt meeletu pühendumus;0.8209
kokkuvõte aeg ilmselt;0.8207
tikand aru tegelikult;0.8206
regioon mitmekülgsus käima;0.8206
mõtlema jube tore;0.8205
ümbritsev loodus ime;0.8203
ühesõnaga hõng ajalugu;0.8202
ots põhjamaa pärit;0.8202
reisija maa Raplamaa;0.8201
kahenädalane kursus nädal;0.8198
võib-olla kunstnik impulss;0.8198
moenädal 2012 hommik;0.8197
pagan üldse lõbus;0.8197
riie küsimus mood;0.8196
konstruktor juur lõige;0.8195
lill Jahilo võib-olla;0.8194
mitmekülgsus käima tunne;0.8193
kultuurilugu kaitseomadus tähendus;0.8189
nimi Lilly Silberg;0.8186
sügistalv naisterõivas kollektsioon;0.8185
hetk koostöö konstruktar;0.8181
nägema reaalselt looming;0.8179
vajalik riie küsimus;0.8178
Eesti meediaväljaanne internetiruum;0.8177
väljakutse inimene reaalselt;0.8176
ilmselt mõjutama täna;0.8175
käsitöövõte õppimine enamus;0.8175
jõudmine kindlasti tädi;0.8173
oluline märksõna kollektsioon;0.8173
moenädal moekunstnik tähendama;0.8173
eriala Chanel moemaa;0.8172
tiim mõte hästi;0.817
lemmikmuusika Vaiko Eplik;0.8169
vastama tingmärk koloriit;0.8169
Eesti õpetus kindlasti;0.8167
esteetika mõte konkurentsieelis;0.8167
inglise keel õppima;0.8166
äsja lõppenud Berliin;0.8166
andma Berliin moenäda;0.8165
Eesti esteetika mõte;0.8164
Niko takine löök;0.8163
kursus nädal tunduma;0.816
globaalsemalt no moemaailm;0.8156
täielik totaalne rahu;0.8154
tihti arvama ühepäevane;0.8154
no Eesti õpetus;0.8152
Joori kõrgmoemaailma tegija;0.814
Jahilo hommik lill;0.814
tegelikult disainer põhitööülesanne;0.814
kool moeshow Siim;0.8138
kolm-neli päev päev;0.8138
elus juhus Berliin;0.8138
moemaailm Eesti väiksus;0.8135
kohalik moemaja õnnestuma;0.8134
Eesti võimalus kollektsioon;0.8134
jälle Sõprusringkond toetusgrupp;0.8132
disainer suurem väljakutse;0.8129
arvama esinemine Berliin;0.8126
noor põlvkond nimelt;0.812
hästi oluline oluline;0.8118
arvama loominguline mõte;0.8118
uks no tegelikult;0.8117
Eesti ela jäähotell;0.8117
Kaberliin viimane moenädal;0.8114
põhjamaine esteetika tagasihoidlikult;0.8112
vallutaja tegelikult vaikselt;0.8104
suunama tehnoloogia tööstusmogi;0.8104
individuaalne õpetus tihti;0.8102
moeõpetus erinevus esile;0.8102
pärit näitama portfooliot;0.8101
kontseptsioon osa nägemus;0.8085
õpetus tihti arvama;0.8083
sõber vikerraadio jutusaade;0.8068
moenäda lisa nägema;0.8053
juht show nii-öelda;0.8049
uhke elu aeg;0.8048
Raplamaa vanaisa maja;0.8032
Meybel linn meik;0.8029
