keyphrase;score
taas filmihuviline sügishooaeg;0.8774
filmihuviline sügishooaeg huvitavam;0.8762
Eesti dokumentaalfilm paremini;0.8751
lugu Eesti-doc'e promotama;0.8741
uus film sügis;0.8736
Eesti-doc'e promotama vaatlema;0.8733
Eesti dokfilme tegelikult;0.8725
Eesti film tegelikult;0.8721
Eesti dokumentaalfilm võrdlema;0.8718
Eesti dokumentaalfilm pakkuma;0.8717
dokumentaalfilmikinolinal Eesti koheselt;0.8712
Lang viimane film;0.8708
uus Eesti dokumentaalfilm;0.8707
Eesti dokumentaalfilm arusaamine;0.8706
kuulama dokumentaalfilm Eesti;0.8703
loomulikult ütlema dokumentaalfilm;0.8701
9000 vaatama dokumentaalfilm;0.8699
PÖFF film vaatama;0.8697
vaatama dokumentaalfilm suur;0.8697
laine dokumentaalfilmikinolinal Eesti;0.8691
dokumentaalfilm tootma tegelikult;0.869
nimelt täispikk dokumentaalfilm;0.8686
dokumentaalfilmitegija eesti lugu;0.8684
film tühi maja;0.868
dokumentaalfilmikinolinali nüüdne jällegi;0.868
eesti lugu Eesti-doc'e;0.8678
tegelikult hea dokumentaalfilm;0.8676
aasta film rääkima;0.8674
film rääkima noor;0.8671
Eesti maailm dokumentaalfilm;0.8667
kinni tegelikult film;0.8666
näitama Kinos Sõprus;0.8664
võti jälle dokumentaalfilm;0.8664
Eesti filmitegija sundima;0.8663
näitama eesti film;0.8663
Eesti filmimaastik aeg;0.8663
Hollywood stiil dokfilmitreiler;0.8662
tegelikult dokumentaalfilmimaailm lihtsalt;0.8662
Sõprus tegevus väärtfilm;0.8661
dokumentaalfilm paremini kodu;0.866
järjepidevus dokumentaalfilm võrreldamatult;0.8651
pajatav dokumentaalfilm suutma;0.8651
rääkima eesti dokumentaalfilm;0.8648
suur laine dokumentaalfilmikinolinal;0.8644
televisioon dokumentaalfilm Eesti;0.8642
dokumentaalfilm Lott Eesti;0.8638
ekraan kino sõprus;0.8636
ütlema täispikk mängufilm;0.8635
rääkima Lääs film;0.8634
vaibuma praegult dokfilm;0.8631
dokfilme vastavalt tahe;0.8628
mängufilm pikkus rääkima;0.8626
dokumentaalfilm nimi tõlge;0.8626
dokumentaalfilm eelarve 100000;0.8624
film inimene 10;0.8622
tegelikult filmitegija 10;0.8622
viis uus film;0.8622
autorifilm tegelikult vägivaldne;0.862
vägev film kindel;0.8619
ajalugu dokumentaalfilm õnnestuma;0.8619
ring dokumentaalfilm Eesti-keskne;0.8617
rääkima konkreetselt film;0.8612
suutma Eesti film;0.8612
Jaan film õnnestuma;0.861
praegult dokfilm hea;0.8608
Põhjamaa kinoheide huvitav;0.8608
küsimus dokumentaalfilm juht;0.8607
Tiiu Silves dokumentaalfilm;0.8598
Pärna pajatav dokumentaalfilm;0.8594
väärtfilm kostitama endiselt;0.8593
Kinos Sõprus 24;0.8591
Silves dokumentaalfilm hetk;0.8587
lõpp neli film;0.8584
dokumentaalfilm kõvasti võitlema;0.8582
rääkima põhimõtteliselt filmiprodutsent;0.8581
suur film Ameerika;0.8581
dokumentaalfilm valetama algus;0.8581
võimalus määr dokumentaalfilm;0.8581
ehitama filmitegija hea;0.858
tegelikult mängufilmielamus nojah;0.858
Audri dokk filmitegija;0.8577
produtsent müüma dokumentaalfilm;0.8574
dokumentaalfilm eelarve 2;0.8573
kinoheide huvitav lihtsalt;0.857
dokumentaalfilm raadio rääkima;0.8566
dokument Jaan film;0.8564
tendents tooma dokumentaalfilmikinolinali;0.8562
filmifestival teadma Kristiina;0.8561
Liivi film erinev;0.856
põlvkond nägema dokumentaalfilm;0.856
vaja lavastama film;0.856
film sündmus no;0.8558
Maimik film aasta;0.8557
üheksakümnes jutt mängufilm;0.8556
faktor lõppkokkuvõte film;0.8556
pioneer esimene dokumentaalfilm;0.8556
film valmis esitlus;0.8554
teavitama kuulaja film;0.8553
kinolina algus tegelikult;0.855
näide film püsima;0.855
Norra Soome dokumentaalfilm;0.855
toomine Eesti ekraan;0.8548
troll tegelikult dokumentaalfilm;0.8547
võimalikult müüma film;0.8544
dokumentaalfilm ehtima reklaamplakat;0.8544
vastupidi nokitsema film;0.8541
Tucci film tühi;0.854
võimalus skandinaavia filmifoorum;0.8539
dokumentaalfilmiturg festival esitlus;0.8539
suurtem film võib-olla;0.8539
tänapäev huvitama film;0.8537
hapnikumask veri dokumentaalfilmitegija;0.8534
jutt mängufilm režissöör;0.8532
rekonstrueeritud dokumentaalfilm Audri;0.8532
Lääs film tegija;0.8531
üheksakümnes dokumentaalfilm aeg;0.853
film nimi äkkNooman;0.8527
kinolevi uus tendents;0.8527
Peter Lang viimane;0.8524
seans uus eesti;0.8522
ootama huvi filmiväliselt;0.8522
film buss pälvima;0.852
sööma Eesti dokumentaalfilm;0.852
foorum Baltimaa filmiturg;0.8517
paus parem mängufilmitegija;0.8515
2000 dokumentaalfilm keskmine;0.8514
Jants Eesti film;0.8514
vaatama king Tucci;0.8512
dokumentaalfilm stuudio Riina;0.8511
Eesti televisioon loomulikult;0.851
oktoober teleekraan aeg;0.8509
Soome tuntum naisdokumentalist;0.8508
Eesti lugu sein;0.8506
käima Marssey dokumentaalfilm;0.8503
36 kinokoopia põruma;0.8498
innustuma dokumentaalfilm 36;0.8496
eesti dok hea;0.8492
küsimus Taal film;0.849
võrdlema ütlema filmiliik;0.8488
dokfilmitreiler naljakas mõte;0.8487
viimane film pruudirööv;0.8487
filmifoorum tunduma tavaline;0.8486
migratsioon film Jesmen;0.8484
festival põhivõistlusprogramm pilv;0.8482
eksima film Imparaadiisum;0.8482
maa dokk film;0.848
Island tootja film;0.8478
Jaak Kilm uus;0.8474
mängufilm Kloolia õitse;0.847
Eero Liivi film;0.8461
feidokumentaarne commentary mõtlema;0.8459
kolmas hooaeg näitama;0.8453
Juštšenko rääkima Eesti;0.8445
tuhat vaataja õieti;0.8444
History Channel tähendama;0.8441
lemmikprojekt 2005 raske;0.8437
Norra dokumentaal Ralfi;0.8429
dokk mõte telesaade;0.8428
varastama filmitegija kaks;0.8423
kvaliteet hästi vaataja;0.8421
pikkus 27 minut;0.8419
filmilint mustvalge hobune;0.8414
nutv kaamel lugu;0.8413
tegelikult vaatama projekt;0.8413
film Sulev Keedu;0.8408
kolmapäevaõhtune dok kaader;0.8405
suur jutt alustama;0.8403
näiteks Discovery hästi;0.8403
roll film tootmine;0.8399
stabiilselt eesti vaatama;0.8398
Simm tegelikult Jaagin;0.8395
Jesmen film hea;0.8388
ülihuvitav isend treiler;0.8386
saatekülaline Kristiina vidiantsija;0.8381
maja jõudma Toomas;0.8379
Lott Eesti lugu;0.8374
vaieldamatult lemmik praegult;0.8364
uus vihane tegija;0.8362
vaatama detsember lõpp;0.8357
tegelikult animategija Priit;0.8356
David Jants Eesti;0.8352
sõprus jooksma ameeriklane;0.8339
vaja vaja lavastama;0.8328
näiteks nädal rääkima;0.8327
Rain Tolk mõnus;0.8317
naljakam metallikuninganna Tiiu;0.8317
tegelikult nägema 80;0.8311
lihtsalt jää vaatama;0.8311
võimalus vaatama autor;0.8311
100000 kroon mõtlema;0.831
hollandlane samamoodi soomlane;0.8301
näiteks valmis käima;0.8292
tänama kuulama tänama;0.8281
sihklev Ida-Euroopa suurim;0.828
Amsterdam idee maailm;0.8274
inglise formaat ütlema;0.8255
meeldiv nägema Rootsi;0.8246
sussifirma kiiresti põhi;0.8234
ühiskonnakriitiliselt plokk Ken;0.8209
Mongoolia perekond isoleerima;0.8186
