keyphrase;score
tõenäoliselt inimene saladus;0.5034
võib-olla mäng peitma;0.4752
kunstihoone näitama salajane;0.4654
asi tavaliselt peidus;0.4543
maa muld saladus;0.453
näitus külastaja saladus;0.4341
võib-olla kunst siseselt;0.4299
ilmselt eesti kunstipublik;0.4278
võib-olla itaalia mängima;0.4243
salajane täht asi;0.4211
ehitama salakas mängupind;0.4187
no saladus piiluma;0.4101
võib-olla noorem publik;0.4039
probleem tegelikult näitus;0.4006
kunst rääkima kelly;0.3997
näitus jääma avatud;0.3983
kast varjus toimuma;0.3973
võimalus kunstnik nägema;0.3925
võib-olla info tankist;0.3864
tõepoolest tekst võib-olla;0.3864
tegelikult uskuma asi;0.3828
ütlema näiteks london;0.3816
arvuti asi võib-olla;0.3773
maal seostatud võib-olla;0.3741
näitama salajane täis;0.3685
erinev installatsioon nägema;0.3648
ajalugu tegelikult pikk;0.3641
mäng mäng näitus;0.3638
linnagalerii leidma asi;0.3635
üldse eesti maal;0.3624
inimene suhtlema mäng;0.36
esimene saal peitma;0.3597
näitus tallinn kunstihoone;0.3591
isik näitama asi;0.3591
panema maailm kunstihoone;0.3569
saladus ruum klaas;0.3569
üldse teaduslik fantastika;0.3568
vahesein publik kunst;0.3559
suur kunstisündmus ebatavaline;0.355
kummaline natuke koomiline;0.3545
niuke mõistatus näitus;0.3542
mänguline element tekitama;0.3522
populaarne lõbus mänguline;0.3496
päriselt sotsiaalkriitiline näitus;0.3495
laskma struktuur hoidma;0.3465
tõepoolest naine koduelu;0.3449
huvitav ühtepidi rääkima;0.3417
ilmselt näpp näitama;0.3413
eksponeeritud muld tuhnima;0.3409
elama nägema kaasaegne;0.3403
väike kommentaar üldiselt;0.3397
nii-öelda ohutu tegelikult;0.3391
vaatama ateljee mõtlema;0.3385
põhimõtteliselt töö saal;0.3381
näiteks katseklaas sündinud;0.3379
ulmeteemaline näitus science;0.3375
võimalik jääma rahule;0.3321
avastama uus mäng;0.332
ülejäänud noorem kunst;0.3313
maailm tunduma hästi;0.3307
muuseum näitus aine;0.3295
tüdruk mängima poiss;0.3292
aitama telepaatiliselt suhtlema;0.3279
vaatama väike video;0.3271
publik ütlema tänapäev;0.3262
aed rahvusvaheline mäng;0.3252
laps absoluutselt ootama;0.3245
suurune väike salaass;0.3242
ütlema vaatama koomiks;0.324
samamoodi viimane 10;0.3236
jutustama reaalne jutustus;0.3227
traditsiooniline väljund eesti;0.3222
ruum kuskilt arvama;0.32
aasta töö lõpuks;0.3196
klaasikild riie tükk;0.3177
traditsioon siduma vähe;0.3156
pseudoteaduslik kõrgteooria kunstiobjekt;0.3156
peidus pühendama usaldusväärne;0.3131
nii-öelda ühiskond pärit;0.3129
toimuma jube asi;0.3123
näitus maal aasta;0.3113
võimalus kronoloogiline näitus;0.3112
publik rootsi laps;0.3094
töö directo kuskilt;0.3091
real vanem vanavanem;0.3083
esinduslikum näitusesaal käesolev;0.3083
roll nii-öelda materjal;0.3079
aitama idee teostuma;0.3064
tekst lugema mõte;0.3062
maa teema lihtsalt;0.3052
psühholoogiline probleem tekkima;0.3036
aru inimene katseklaas;0.3002
tagasiside tekkima diskussioon;0.299
soomlanna soome kunstnik;0.2988
osaliselt jääma puhas;0.2987
no sõnum näitama;0.2982
terve hulk info;0.2979
stuudio infotankist täpsemalt;0.2973
10 aasta juhtum;0.2965
russak kuulma saade;0.2955
klaas kast suletud;0.2947
tähendama tonn muld;0.2922
idee salaja idee;0.2912
kokkuvõtlikult elken näitus;0.2911
arhitektuur eesti eramu;0.2909
infotankist väljapanek eesti;0.2909
mänguline workshop osav;0.2907
teadma vastavalt eksponeeritud;0.2898
töö eksponeerima 2004;0.2894
terve galeriipind siiamaani;0.2892
mängima pärit tallinn;0.2883
rõõm naerma infotankist;0.288
absoluutselt rõõm linn;0.2879
avalduma arvutiajastu laps;0.2873
kuuluma algselt mobil;0.287
sarnane element tarditud;0.2863
soomlane tegelikult äng;0.2861
mullane vaataja külastaja;0.2854
noor inimene venemaa;0.2848
suhtlema tunduma põhiformaat;0.2838
optiline efekt ruum;0.2827
kunstiakadeemia endine tudeng;0.2817
tegevus siduma üldse;0.2816
teatud sümbol tähendus;0.2799
laulma moodi muusika;0.2799
teadma jälgimisprotseduur teostama;0.2798
publik teatud tõrge;0.2793
okei siduma sõna;0.277
põrgu jutt võimalik;0.2762
ühine krutskiline maailm;0.2754
nädal teisipäev kell;0.2719
arvama maal tartu;0.2701
daniela moska näitus;0.27
tulevikulootus kultuur alaliselt;0.27
uus sünteetiline tervik;0.2695
vaatama nimi põhiliselt;0.2694
eksistents sealne võrk;0.2686
daniel itaalia sarnane;0.2679
tagasaal videoinstallatsioon nimi;0.2664
sall aed tähendama;0.2619
pakkuma tunduma ulmeteemaline;0.2617
alice kask marko;0.2615
detail kummaline seos;0.2614
kirjandus nädal tallinn;0.2605
liigne jäikus teatud;0.2604
jaan elken lugu;0.2554
pulbitsev maal elu;0.2551
esindaja perekond fenomen;0.2526
lugema katarigadel öö;0.2524
kogemus põhjal tehniliselt;0.2519
seniks kuulmine kunstpunkt;0.2515
pind värv rahuldama;0.2504
projekt katsetus faas;0.2499
üritama nali lähenema;0.2474
tervik looma roll;0.2464
laiemalt jätma koomiksikeel;0.2433
info tankist ühisprojekt;0.239
eriline taust käive;0.2376
näitus kaablitehas kasutama;0.2369
rotermanni soolaladu ilmselt;0.2361
moraliseeriv selge sõnum;0.2335
linnagalerii rühmitus infotankist;0.2298
rahaliselt niukne atmosfäär;0.2282
sinine laik roosa;0.2278
viga sõber ajalugu;0.2278
otsustama paanikaruum näitama;0.2272
kell 18 15;0.2271
ülikool maal õppetool;0.2263
panema prill mõõtma;0.226
süstik realiteet abstraktsus;0.2256
väikne üksik laskma;0.224
lihtne paroodia nali;0.2209
sedasi kandma aitama;0.2192
tervishoid muuseum ulmeteemaline;0.2191
akvarell viimane aeg;0.2188
balti kaart voodi;0.2176
andma kallis transportimine;0.2071
paade ebatavaline väljendusvahend;0.2062
aasta 1978 2005;0.2054
sotsia seotud tallinn;0.2027
pilt kergeusklik patsient;0.2012
valik maja seeme;0.2011
bonsai inimene bonsai;0.1999
areen 15 tulevikulootus;0.1928
reklaamivaba prill kinnisvara;0.1802
ükskõiksus ignorantsus kast;0.1741
elekteerima kaam jälle;0.1739
aasta san sebastian;0.1653
mizzilot 10 aprill;0.1634
stalin surm 57;0.1632
tõrge kuuluma tehnika;0.1627
konjunkturism kahtlustama kahtlustama;0.1623
põhjanaaber võistleja esindama;0.1544
täpsemalt piret räni;0.1506
anders härmi kureeritud;0.1475
pädem paanikaruum ruumiinstallatsioon;0.1463
seoses litorina balti;0.1392
sem valmis rõhk;0.1301
põhjus reklaam ihkaja;0.1188
vilnius eve kiiler;0.1185
