keyphrase;score
eestlane mõisavalitseja;0.8637
Kaarli sakslane;0.863
saksa mõisahärr;0.8622
Eesti Kristus;0.8558
mõisahärd võrdlemisi;0.8519
õuemaalija austria;0.8514
Mihhail pilt;0.8506
võtma Mihhail;0.848
Stackelberg mäletama;0.8478
piisama härra;0.8457
maalitud Kristus;0.8457
kirjutama eesti;0.8447
mõtlema 10000;0.8434
mängima sakslane;0.8428
võtma isemoodi;0.8427
mees hästi;0.8426
sügavam Faust;0.8408
Jaan poeg;0.8405
Kristus kirjutama;0.8399
eestlane mähtrama;0.8395
siinmail saksastumine;0.8394
vaatama rahvuslik;0.8391
juht kunstnik;0.8384
viimane valmis;0.8382
Johan teadma;0.8372
valitseja ütlema;0.837
kogudusemaja keiser;0.8361
Anna Rakvere;0.8359
rootslane pärinemine;0.8354
kuri inimene;0.8349
saarerahvas võrdlemisi;0.8347
Karell terve;0.8341
Michal otsemaid;0.834
püstol rindu;0.8327
Peterburi õuemaalija;0.8326
flegmaatiline Eduard;0.8326
hammustama mees;0.8325
Villem tähelend;0.8323
järgnema Michael;0.8316
Mihhail Pariis;0.8316
modell isiklik;0.8312
maalitud Voll;0.8311
põlvkond eestlane;0.8309
keiser selg;0.8308
impeerium mõtlema;0.8301
näitus professor;0.8286
pilt politseiprefekt;0.8285
isa veenma;0.8285
triumf keskfiguur;0.8284
inimene Mimm;0.8282
Delakraamarian moodi;0.8282
lihtne talumees;0.8276
freskomaal käima;0.8276
mõnu kujutama;0.8276
kiriklik stiliseeritud;0.8268
rääkima vähem;0.8268
liikvel eestlane;0.8267
idealiseerima tunnistama;0.8266
Kristus 10000;0.8266
inimene kinnitama;0.8265
rumalasti suur;0.8264
näiteks mõnikümmend;0.8262
kristus sohi;0.8252
valge ohvitserimüts;0.825
Eesti rahvas;0.8246
ühesõnaga otsustama;0.8245
aade Norrim;0.8244
lihtsalt loomus;0.8244
vaja nimi;0.8242
omavalitsus põlv;0.8241
jaa vististi;0.8239
kompositsioon suurepärane;0.8238
Mimm Eduard;0.8237
Hiiumaa käima;0.8232
Kassari esikülamees;0.8231
Rootsi konter;0.8231
modell saksa;0.8229
aasta ülepea;0.8227
võimatu pigemini;0.8227
siinmail iia;0.8226
lõpuks 20;0.8225
mõistma hoidma;0.8223
õieti nägu;0.8221
Voomagama kaks;0.822
Turemoron kirikutäis;0.8219
jääma tõsine;0.8217
mees deemon;0.8216
rublane kingitus;0.8215
Minam trööstima;0.8207
Köler pöörama;0.8204
lubama iseloomustama;0.8203
kell seitse;0.8201
irooniline mulje;0.8198
soon õde;0.8197
jääma verine;0.8197
Kohus parem;0.8196
esimene kord;0.8195
arvama saar;0.8194
vaatama kahearst;0.819
hobune peremees;0.8186
vähem Ilusa;0.8181
moraalselt surnud;0.818
poeg karjäär;0.8179
rahvas absurdne;0.8178
reit kange;0.8176
käärkamber uks;0.8175
mees õnnistama;0.8174
professor hingeteadus;0.8174
karjuma mäss;0.8169
Syriidik pater;0.8168
palvel põhjus;0.8165
kandidaat peavõistlusvõimeline;0.8163
peremees tõstma;0.816
saksa keel;0.8155
sakslane pastor;0.8153
näitemäng lugema;0.815
endine Venemaa;0.8147
jänes kubi;0.8143
Vene keiser;0.8141
tumm ühesõnaga;0.8141
kernet tunnistama;0.814
ärkamine balti;0.8136
net säisma;0.8132
juhtum tarvitsema;0.8132
nojah võib-olla;0.8131
Narru skandaal;0.8131
sündima fon;0.813
Rudolf von;0.8128
Gröönitruu truu;0.8128
ajama kolmeaastane;0.8125
külakoer teadma;0.8124
käima uurima;0.8124
juhis teisiti;0.8123
härra Köhler;0.8123
ruttama laps;0.8123
vana Moilisus;0.8118
leidma piirivalve;0.8114
natukene gene;0.8106
Norrim Mihhail;0.8105
pikkamööda altar;0.8101
ühtesoodu valjusti;0.81
tänini son;0.81
lõhn libistama;0.81
Stackelberg karakteerne;0.8097
töö vehkima;0.8097
Minister tuttav;0.8096
sinihallikas Kohus;0.8092
küsima Ungari;0.8092
värske krohv;0.8086
liiasdaktuaalsus kurjus;0.8085
kallis naaber;0.8084
Voll kuivamine;0.8078
Siif soovituskiri;0.8078
eeldus esiteks;0.8074
klaperjaht jutustamine;0.8073
rooma paavst;0.8072
keskeltläbi kallis;0.8071
inimpõlv laevahukk;0.8069
päevitama sarnakas;0.8061
kuldkotkas hotell;0.8059
tellingulaud värvinõue;0.8059
hästi Pariis;0.8055
asi Siif;0.8054
sisemiselt patt;0.8053
huumor saar;0.8051
maailm väljanäitus;0.8051
tüdruk astuma;0.8039
isakene Vene;0.8029
Göte Faust;0.8027
ringkond järgnema;0.8025
täkk katalaar;0.8025
alasti naine;0.8017
von kernet;0.8013
mehhanism asi;0.8002
käsi rängasti;0.7998
jooksupistama küllalt;0.7995
tamm austerlane;0.7988
parasjagu kurjus;0.798
parajasti aeglane;0.7975
Ilusa Villem;0.7951
austria madrus;0.794
epigraaf Ilus;0.7937
kristus Barton;0.7929
ronima telling;0.7921
süsteem kaitsja;0.7917
kunst purlakk;0.7897
efekt Mihhail;0.7864
proua Anna;0.7822
pater parras;0.7816
härra professor;0.7811
asi Göte;0.7801
Lutsifer Lutsifer;0.7788
maha Minam;0.778
raka ärand;0.7698
10000 rublane;0.7689
rutem rutem;0.7677
48 mast;0.7567
absurdne Maidki;0.7552
hammus kits;0.7517
barp soon;0.7403
