keyphrase;score
helilooja Eesti;0.8726
raadiokuulaja toimetaja;0.8461
hindama nüüdismuusikamaastik;0.8452
jätkama jutufestival;0.8308
Eespere festival;0.8259
esimene kuulamine;0.8239
Päevaleht kaanepoiss;0.8224
Renee rääkima;0.8195
selg tänane;0.8163
Tartu lipulaev;0.8142
Tallinn Trio;0.8139
muusikafilm ülemäära;0.8125
arhiivimaterjal terve;0.8113
aastane Taylor;0.8098
50 uudisteos;0.8095
samamoodi rahvusooper;0.8095
Paulson Eesti;0.8094
igalüht isiklik;0.8091
mitmekülgne esineja;0.8087
noortekesksem tudengikontsert;0.8083
laulma pinker;0.8082
uudisteos tellimine;0.8077
kauaaegne esiflatist;0.8077
päev 34;0.8072
teatriakadeemia ümarsaal;0.8059
telejätt tore;0.8039
Week stuudio;0.8038
Metropolitan debüüt;0.8038
mängija tänuväärne;0.8035
noor autor;0.8033
õhtu vabalt;0.803
Partners uus;0.8027
Nele-Eva Steinfeld;0.8013
Jaan Räätsa;0.8011
Virtoosne väljakutse;0.8002
maailm juhtiv;0.7994
dirigent Franud;0.7991
orkestriproov istuma;0.799
tolerantsus Eesti;0.799
Helle Paas;0.7988
Epikurlane õnnelik;0.7982
diskussioon teema;0.7972
klassika Raimo;0.797
klaverimäng käima;0.797
koor jagama;0.7962
vanameister 80;0.7958
Eesti ajalugu;0.7957
paindlik uuenduslik;0.7939
Kanuti saal;0.7931
Sahara põnev;0.793
paik kuus;0.7928
hoone lammutama;0.7927
külaline kutsuma;0.7921
Rally mängima;0.7917
aastakümme kontseptsioon;0.7916
Kerri Kotta;0.7908
enam-vähem Elena;0.7906
kultuur kliima;0.7905
lääs Hector;0.7903
ilmselt Fransvelsarmest;0.79
esitlus Annotatsioon;0.7899
Ühendriik Bojan;0.7896
18 aastaselt;0.7895
kammersaal väiksem;0.7893
konkurss Viin;0.7891
proovikeskkond harjutuskeskkond;0.789
tooma esile;0.789
Gerretz-Traksmann meel;0.7887
film Heino;0.7886
aeg festival;0.7885
ameerikalik mõte;0.7882
väike riik;0.7881
Pille valima;0.7871
interpreet käsi;0.7866
Ülo Krigul;0.7866
noodipood sulgema;0.7864
linn Hamburg;0.7863
Pärt Ester;0.7862
kaks kord;0.786
1979 aasta;0.785
aasta Cinamon;0.7849
noor Alisson;0.7848
Gustav Viin;0.7847
Tulve kava;0.7847
eriti raske;0.7846
inimene keskealine;0.7844
drillingija Gustav;0.7843
kvaliteetne mobiiltelefon;0.784
Kesk-Euroopa Skandinaavia;0.784
Filipp herwege;0.7839
totaalne juhuslikkus;0.7839
kokkulepe ratifitseerima;0.7838
roll Putšiin;0.7835
märkama Ragnar;0.7835
teadma Arvo;0.7832
Eliot kaadiner;0.7829
loodetavasti osa;0.7823
inimene sööma;0.7818
müügisaal töö;0.7818
Island pärit;0.7818
tavapäraselt tegutsema;0.7815
traditsioon reegel;0.7814
ostja investeerimisgrupp;0.7813
juhtuma liiklusõnnetus;0.7811
aine New;0.7808
tavapublik veidi;0.7807
sõltuv institutsioon;0.7807
lähenemine võrdlema;0.7806
fantaasia tundma;0.7798
sotsiaalselt teravdama;0.7798
orgaaniline töö;0.7798
haigla 67;0.7786
sümfooniaorkester streik;0.7783
piirataja turvavõrk;0.778
Berlioos ooper;0.7779
kollektiiv kasutama;0.7772
Tamberg film;0.7767
kontekst aktsioon;0.7755
parallee oks;0.7752
Music Week;0.7749
söör John;0.7749
pilt professionaal;0.7738
Trio mulje;0.7729
fluidum maa;0.7725
Timo Steiner;0.7723
46 miljon;0.7721
erinev põhjus;0.7708
magistriõpe doktoriõpe;0.7698
ülemäära lihtne;0.7698
Šaier andma;0.7697
tagasilöök ajutine;0.7687
Haimal Metropolitan;0.7683
sõrm närvikahjustus;0.7683
Žüriis Rolands;0.7679
90 -teks;0.7678
intervjuu lisama;0.7675
poliitiline mõõde;0.7674
hetk leviv;0.7671
delikaatne kild;0.7661
majanduslik seisukord;0.766
mammut mammutipoeg;0.7657
sundima maestro;0.7652
2006 -st;0.7647
nojah tore;0.7642
Bachi medal;0.7637
dünaamika tekkima;0.7629
Lohana oskama;0.7623
helt saade;0.7606
balletiteater 33;0.7602
Johann Sebastian;0.7599
Bojan Haimal;0.7592
statistiline andmed;0.7591
Wolfgang Sultsol;0.7584
interBrett interpreet;0.7561
paras idee;0.7558
populaarne teos;0.755
soe side;0.7549
autor teos;0.7548
ansambel pedaal;0.7548
Opera lava;0.7537
kool range;0.7535
ajutine mast;0.7511
teosay kriif;0.751
hulk doos;0.7494
seisma Property;0.7488
president Twitter;0.7485
Tamberg ist;0.7484
asi no;0.7484
film 20;0.7483
tahtma süvenema;0.7479
Sony firma;0.7476
Leipzig Bachi;0.7465
muster ausalt;0.746
firma artist;0.7458
25 40;0.7438
Mazak Suzuki;0.7438
dollar tehing;0.7434
statistika 100;0.743
Fransfel Sermest;0.7411
dominant isenese;0.7406
Beverly selts;0.7404
publik publik;0.7366
aspekt kodu;0.7329
Steinway instrument;0.7328
kitsas ring;0.7326
naljakas look;0.7298
jagama Island;0.7296
pinker roll;0.7277
Group Atlantic;0.7271
Taylor Peters;0.7269
Metropolitan Opera;0.7262
Swelzerm Viin;0.726
Nicolás Arnold;0.7209
Butterfly Beverly;0.7199
John Eliot;0.7191
Ragnar Coulson;0.719
York Times;0.7125
50000 dollar;0.7108
San Francisco;0.7057
Property Markets;0.6763
