EstBERT;est-roberta;LaBSE;bertMulti;distilbertMulti;MiniLM_multi;MiniLM-L12_multi;multi_e5;xml_roberta
läbielamine alvers;elama mõte;kultuurifoorumine teema;toimetama arhitektuuriteemaline;inimene objekt;kultuurifoorum ettekanne;kultuurifoorum ettekanne;kultuurifoorum märt-mat;projekteerimine hästi
sinirituaal film;osalema elu;kultuurifoorum osalema;eksponeerima tegelikult;andma abistav;kultuurifoorum märt-mat;kultuurifoorum märt-mat;kultuurifoorum eetika;võib-olla etnoloogia
dokumentaalfilmižanr tegelikkus;osalema foorum;juhatama kultuurifoorum;sirb arhitektuuritoimetaja;ehitus objekt;kutsutud kultuurifoorumine;kutsutud kultuurifoorumine;sõna kultuurifoorum;kultuuriministeerium töötav
väsimus postmodernism;arhitekt mõtlema;liige kultuuriministeerium;arhitekt avastama;kast number;astuma kultuurifoorum;kultuurifoorumine teema;kultuurifoorum osalema;võib-olla võistlus
põhjendus linn;humanitaar-märt-matt lill;kultuurifoorum märt-mat;üldse maakera;uus planeering;kultuur kuulama;kultuurifoorum osalema;juhatama kultuurifoorum;natuke aeg
si-us asi;sündima tehnoloogia;kultuur kuulama;nägema tegelikult;inimlik objekt;kultuurifoorum osalema;juhatama kultuurifoorum;kultuurifoorum ettekanne;festival võib-olla
mõte abstraktne;töötav arhitektuurikomisjon;kultuurifoorum eetika;üldse liikuma;probleem näide;kamber kultuurifoorum;astuma kultuurifoorum;kamber kultuurifoorum;üldse mõtlema
positsioon tänapäev;aasta osalema;kultuurifoorum ettekanne;pääs maailm;ortus reegel;kultuurifoorumine teema;sõna kultuurifoorum;astuma kultuurifoorum;võimalikult nii-öelda
võib-olla slait;kamber kultuurifoorum;sõna kultuurifoorum;ütlema arhitektuuribüroo;ilm planeering;sõna kultuurifoorum;kultuurifoorum eetika;kutsutud kultuurifoorumine;varastamine probleem
ütlema võistlus;elu arhitekt;arhitektuurikomisjon esimees;tegutsema arhitekt;kontor vä;eesti muusika;kultuur kuulama;arhitekt rääkima;lihtsalt kunst
mõte tsenter;institutsioon arhitekt;vestlus kultuur;kritiseerima tegelikult;asi detail;vestlus kultuur;kamber kultuurifoorum;kultuurifoorumine teema;20 aasta
lõpetav mõte;arhitekt teadma;teema eetikakultuur;no kuuekümnes;tegelema vorm;juhatama kultuurifoorum;vestlus kultuur;arhitektuurikoolijuht eetiline;rekonstrueerimine no
si-us maja;kutsutud kultuurifoorumine;kuulama viimane;ilusti kohaspetsiifika;vaakuma kontor;kuuluma eesti;kultuuriteemaline tuur;eetiline arhitektuurivõistlus;betoon võib-olla
kõrghoone ala;sotsiaalne vähk;kunst arhitektuur;arhitekt mõtlema;probleem harv;kultuurifoorum eetika;liige kultuuriministeerium;kultuur kuulama;võib-olla piirkond
arhitektuurivõistlus määrama;teadma sydney;kunstiteos mõtlema;täisehitusprotsent ülejäänud;idee uus;eesti riiklik;eetika kultuuriteemaline;liige kultuuriministeerium;võib-olla reegel
mõttemäng idee;sydney ooperiteater;võimatu rääkima;ajakirjanik meilboks;saavutama kirjeldus;eesti pealesurutud;tegutsev kultuuriinimene;võtma arhitekt;rääkima nii-öelda
liivo niglas;arhitektuurikriitika kindlasti;muusika päev;etteheide liit;klient maksimaalselt;liige kultuuriministeerium;kultuuriministeerium töötav;tegelikult arhitekt;1000 võib-olla
kunst mõte;arhitektuuritoimetaja tegutsema;eesti muusika;suurem jahisadam;subjektiivselt vaatama;aasta eesti;muusika päev;kunst viimane;võib-olla lõpetav
tallinn kesklinn;eesti arhitekt;kunst võimatu;üks-ühele kopeerima;detail asi;eesti arhitektuurikeskus;teema eetikakultuur;tegutsev kultuuriinimene;kool võib-olla
põhiprintsiip maakri;postmodernne maja;arhitektuurikeskus võib-olla;ebaeetiline hoidma;vaja vorm;kuulama margit;tuur foorumine;eetiline arhitekt;inimene võib-olla
võib-olla võistlus;tallinn seisukoht;võimalik mõtlema;arhitektuuritoimetaja tegutsema;vorm no;hea eesti;foorumine toimuma;arhitektuuriteemaline telesaade;võib-olla arhitektuur
sõõr büroohoon;kakumäe jälle;viimane küsimus;tegelikult 20;hing bot;toimuma eesti;osalema foorum;kultuuriministeerium töötav;võib-olla töötaja
sissesõit kõrghoone;tuudin arhitektuuriteaduskond;näiteks maalikunstnik;tegutsev kultuuriinimene;idee suutma;jutt kuulama;aasta eesti;kultuuriinimene mihkel;võib-olla grupp
si-us kaar;kultuurifoorum märt-mat;riiklik kunstiinstituut;töö prominentsem;sobima funktsioneerima;kultuur tõsiselt;eetika kultuur;arhitektuuritoimetaja tegutsema;saal võib-olla
etnoloogiline mõistmine;seisma piirkond;rääkima investeerima;äkilisem terve;selge klient;osa eesti;foorum eri;arhitekt liit;grupp võib-olla
maht jõud;omanik hoone;hea kuulaja;arutlema tegelikult;sadam näiteks;linn eestimaa;kultuur grupp;tuur foorumine;võib-olla küsimus
eetiline arhitektuurivõistlus;riiklik kunstiinstituut;kunst viimane;kultuuriministeerium töötav;funktsioon eesmärk;kultuuriinimene mihkel;vaade kultuur;arvama arhitektuurikoolijuht;arvama võib-olla
excel tabel;suur ühiskondlik;teater kunst;kutsutud kultuurifoorumine;funktsioon muutuma;eestimaa üldse;kultuur kutsuma;elu arhitekt;süüdistama arhitekt
arhitektuur surnool;kakklema linnahall;kultuur grupp;meeldima kohutavalt;vastane planeering;lõpetama eesti;kuuluma eesti;kuulama viimane;võtma arhitekt
arhitektuurivõistlus hipodroom;arhitektuuriteemaline telesaade;eesti arhitektuurikeskus;tedaimees juurdeehitus;sen idee;kuulama arendaja;kultuuriinimene mihkel;arhitekt sügavam;küsimus rääkima
võistlus käigus;võib-olla inimlik;käima kuu;prominentsem arvama;andma võimalus;kultuur grupp;eetikakultuur tänane;eetika arhitektuur;2006 eesti
tond tänav;härra kaasik;mõttekas kuulama;kerkima kõrghoone;objekt lava;saade vestlus;osa eesti;puudutama arhitekt;andma ülesanne
ülesõit alammis;kalamaja teadma;võib-olla elu;saatma põlvkond;abstraktne idee;tegutsev kultuuriinimene;meelelahutus sotsiaalne;kultuuriteemaline tuur;arhitekt töö
jälle lähteülesanne;võtma kakumäekeskkond;küsimus rääkima;omane loomekirg;seoses inimene;kultuuriministeerium töötav;slait eesti;kultuur tõsiselt;töö hästi
asi nägemus;keskkonnaarhitektuur parendamine;jääma pikk;sõltumatu moldaavia;isiklikult subjektiivselt;kultuuriteemaline tuur;eesti muusika;arhitektuurikomisjon esimees;mäletama tegelikult
võtma kakumäekeskkond;ootama eetiline;jääma eksisteerima;kinni eetikareegel;andma terve;vaade kultuur;ütlema festival;arhitektuurikriitika kindlasti;puudutama arhitekt
tätte laul;arhitekt tahtma;kultuuriinimene mihkel;arhitektuuribüroo raske;valminud objekt;kultuur kutsuma;moderaator kuulama;arhitekt väike;arhitekt rääkima
ütlema etnoloogia;joon vale;kunst ütlema;eeldama koolijuht;kontekst istuma;külg kuulama;kultuur tõsiselt;käitumine arhitekt;arhitekt võib-olla
kirjandus kunst;sobilik kasv;tegutsev kultuuriinimene;mängulisem plastiline;soon ilus;mõttekas kuulama;2006 eesti;juhus arhitekt;mõtlema natuke
hipodroom täisehitamine;si-us maja;arhitektuuriteaduskond aasta;ebaeetiline tähendama;vorm otsing;kuulma mõtlema;elu helilooja;eetikakultuur tänane;nii-öelda inimene
küsimus keskkond;eetika hoidma;kultuuriteemaline tuur;korter tegelikult;meel projekt;eetika kultuuriteemaline;kuulama arendaja;arhitektuurivõistlus viima;töö vaja
tänav nurgamaja;arhitektuurikoolijuht eetiline;hea elama;mõtlema ühtmoodi;asi jaotama;moderaator kuulama;kuulama margit;juht kunst;jõudma lõpuks
jälle mõttemäng;rituaal elu-olu;loominguline inimene;tegelikult siiamaani;kombinatsioon meeldima;omavaheline vestlus;eesti riiklik;rääkima kõrgus;aeg-ajalt õigustama
lauluväljak si-us;eetiline otsus;aasta miinimum;tegelikult ootama;klient surema;kuulaja alanud;õpetama traditsioon;ütlema arhitektuuribüroo;maja üks-ühele
lasnamäe võib-olla;inimsõbralik keskkond;teema jätkuma;meeldima pääs;detailplaneering planeering;rääkima arutlema;mõttekas kuulama;moderaator kuulama;arhitektuurikeskus võib-olla
excel arhitekt;koht hoone;arutelu kutsuma;aeg-ajalt liikuma;mängima operaator;kohtuma teema;kohtuma teema;kultuur grupp;nii-öelda tööstus
eetiline dimensioon;narrima tuur;informatsioon kunst;toonmeister siim;diskussioon kontor;hea kuulaja;hea eesti;jutt kuulama;võib-olla meeldima
film tänapäev;teadma väike;oskama kommenteerima;väike konsoolike;näiteks eetiline;vald maakonnalinnaarhitekt;jutt kuulama;arhitektuurikeskus võib-olla;eesti arhitekt
kosmos arhitektuurivõistlus;eelnevalt no;foorumine toimuma;vahe dokumentaalfilm;vale asi;kuulama kolmas;korraldama teema;artikkel arhitektuur;miinimum võib-olla
sotsiaalnäide sotsiaalmaa;teema eetikakultuur;arhitekt arhitektuuriajakirjanik;büroodel väiksem;kuiv kirjeldus;2006 eesti;linn eestimaa;moderaator märt-mat;põhjalik suur
eesti arhitektuurikeskus;maja miljöötunnetu;sobilik arhitektuurivõistlus;täitma tundelisem;objekt inimkohalolu;foorumine toimuma;tunnetus suhtuma;inimene teater;suhteliselt praktiliselt
mõte aeg-ajalt;koht potentsiaal;ilu metafüüsiline;kõrghoone ülejäänu;aeg kontekst;kontekst istuma;ühiskondlik teade;arhitektuurikeskus kolm;nii-öelda klassikaline
kõrghoone ülejäänu;vaja töö;elama tähendama;filmimees liivo;asi isiklikult;mutso ettekanne;sisemine diskussioon;arhitekt poliitiline;no kahestunud
modernistlik sõideoloogia;kunnus teatriteadlane;arhitektuurikoolijuht eetiline;ütlema film;dimensioon raske;aru rääkima;avalik arutelu;arhitekt kaks;aasta 2004
radikaalne näide;helilooja märt-mat;eetika eetiline;mängima proov;idee arvama;festival raames;2013 festival;hea kuulaja;tallinn võib-olla
võib-olla nägema;arhitektuurikomisjon esimees;mutso lõpetama;arhitektuur väärikas;idee arendus;ettekanne misjärel;eetika teema;jutt näiteks;võib-olla sobilik
arhitektuurikriitika kindlasti;ajakirjandus seisukoht;arhitektuur kandma;noorhide jälle;lugu detailplaneering;arutelu korraldama;kunst mõtlema;esimees žürii;film võib-olla
linnahall sakala;tegevarhitekt maja;võimalikult nii-öelda;ütlema žürii;aeg funktsioon;eesti arhitekt;küsimus sotsiaalne;viimane küsimus;võib-olla eetika
loomulik mõte;aeg aacoli;arhitektuuritoimetaja tegutsema;mäletama tegelikult;tellima uus;sisemine diskussioon;panema lauluväljak;noolemaja valmis;eriline võib-olla
eetiline käitumine;artikkel arhitektuur;võimalus kanal;esindama arhitektuur;kommentaar võib-olla;vestlusring moderaator;publik esineja;projekt mahtuma;võib-olla elu
vandlik torn;üritus korraldama;etnoloogia etnograafiline;kõrgem ladvik;probleem tahtma;toimunud märt-mat;traditsioon viima;eramaja õige;võib-olla 100
ooperiteater lihtsalt;arhitekt joonistama;kuuluma eesti;kiiresti eluruum;lihtsalt funktsioon;esimees tallinn;eetiline arhitektuurivõistlus;toonmeister siim;võib-olla radikaalne
korruptsioonikoht üldse;ütlemine ajakirjandus;ütlema hiljem;töötanud arhitektuurikeskus;probleem üldiselt;lauluväljak si-us;arutelu kutsuma;küsimus maja;võib-olla tahtma
tedaimees juurdeehitus;suutma koht;võimatu teater;noor hakkamine;ütlema probleem;soome soome;rituaal elu-olu;muusika päev;pilt võib-olla
staatiline mäelik;üldiselt idee;suutma puurima;imidž loeksima;ütlema idee;mihkel kunnus;valik kunst;kunst vaatama;võib-olla vajama
kõrghoone linn;vorm maja;arhitektuuriteemaline telesaade;noolemaja valmis;dimensioon pruukima;kohtuma saksa;eesti arhitektuurikeskus;film rääkima;võib-olla täis
võistlus koht;leidma moodne;elu helilooja;aeg-ajalt õigustama;probleem andma;festival võib-olla;teema ütlemine;kunstiinstituut tuudin;kunst võib-olla
eetika ootus;selleteemaline arutelu;ilus maja;film kirjutama;eelnevalt kokkulepe;slait eesti;kutsuma osalema;arhitektuur teater;nii-öelda kunst
filmitegemine siukne;hindama töö;esimene klient;erinev kultuur;võimalikult positiivselt;külaline tootma;aasta üritus;hea eesti;kujutama noor
kalamaja pelgulinn;teadma tingimus;rääkima ilusti;vana puitarhitektuur;saamatus oskamatus;kuulama viimane;maa sotsiaalnäide;2006 eesti;teatud vastutus
ütlemine ajakirjandus;inimene film;aitama hoonestuskava;tundelisem piirkond;võib-olla näiteks;kunst tunduma;elamu ärikvartal;lõpetama eesti;kuulaja alanud
ladvik mõtlema;tedaimees juurdeehitus;majakas kunstiteos;mutso lõpetama;liitma esimene;diskussioon kontor;diskussioon kontor;lõpuks lõpuks;eeldama koolijuht
muutuma läbielamine;seoses kadriorg;ilus postmodernne;tõmbama dokumental;ütlema nullkasum;aru inimene;inimene teater;võtma koht;püüdma parem
üldiselt probleem;silmapaistev arhitekt;suhtuma modernistlik;siiamaani tegelikult;privaatne tallinn;film rääkima;moderaator märt-mat;ehitama inimene;no võistlus
nimelt dokumentaalfilmižanr;maksma uneaeg;piisavalt materjal;võitma si-us;potentsiaal tallinn;teadma taust;valdkond mõte;festival raames;omavalitsus eriti
planeering kast;külaline tootma;aasta osalema;töötav arhitektuurikomisjon;arvestama looming;kunst mõtlema;eetiline hetk;tallinn arhitektuurikomisjon;2013 festival
halb mäng;tagasiside loomeinimene;ehitama lihtsalt;kritiseerima arhitektuur;reegel tegelikult;tardike lugema;küsimus keskkond;arhitektuuriajakirjanik paluma;käsi võtma
liivalaia tänav;inimlik lugu;kuulama margit;käima ükspäev;taju kontekst;tuur valdkond;üldisem filosoofilisemalt;maja eskiisprojekt;väiksem lihtne
tänav kõrghoone;seisukoht ütlema;2004 2006;põlvkond mäletama;eetiliselt tulemus;manitski väljaütlemine;mutso ettekanne;moderaator helilooja;ütlema natuke
tuudin arhitektuuriteaduskond;toimuma teatud;hiljem ajakirjandus;väärikas lahendus;detailplaneering kinnistama;teatriteadlane jaanika;kunstiinstituut tuudin;vestlus kultuur;arhitekt väike
suhtlus mõttekas;ehitatud ilus;maksimaalselt küsimus;üldplaneering kinnitama;andma saadus;dokumentaalfilm etnograafiline;looming suhtuma;liit kindlasti;mõtlema astuma
asi tegelikult;omavaheline suhtlus;surema omanik;mõte modernismijärgne;ütlema suutma;oskama kommenteerima;institutsioon arnikas;valmis aeg;teatud nimelt
meirama tingimus;oluline kriitik;naljalt nägema;käituma eetiliselt;tabel vaja;tahtma külaline;omavaheline vestlus;president kaks;kommentaar võib-olla
kõrgem ladvik;torn eetika;hiljem arendaja;ehitustegevus kalduma;saavutama hiljem;ütlema kunst;juht kunst;päev 2013;tegelikult võtma
tallinn linnavalitsus;töötanud arhitektuurikeskus;maja kõrgus;siiamaani projekt;intriik nii-öelda;teater kunst;ühiskondlik hoonetemaa;arendaja kohtuma;vaja suurem
saadus manitski;kõikvõimalik projekt;püksma seisma;tegelikult hindama;omanik suutma;publik esineja;teatriteadlane jaanika;projekt hästi;hästi vastutusrikas
nägemus arhitekt;kooskõlastama togo;kontekst istuma;rikkuma arhitekt;korraldus andma;avalik arutelu;projekt ajakirjandus;osalema foorum;püüdma kinni
ütlema film;kaar jälle;ootama inimene;publik esineja;planeering kutsuma;vaataja tegelikult;külaline tootma;loomeinimene nõus;kiri excel
toetgali volkuval;tookord industriaalne;film võimaldama;tegelikult uks;radikaalne näide;kommenteerima aasta;igapäevane küsimus;helilooja märt-mat;koht kakumäe
idee sähvatus;tunnetus muutuma;sisemine diskussioon;vahekord viimane;ütlema tallinn;vaatama saal;teater loogiline;liit esimees;nii-öelda ilu
linn sissesõit;omantöör kaasa;industriaalne toode;jälle mõttemäng;reegel onju;elama mõte;meel kutsutud;esimees tallinn;päev 2013
mõtlema natuke;kultuurifoorumine teema;looming põhiline;aacoli ruumipuudus;eetilisem hetk;jaanika teater;kunst mittekunst;1000 vaatama;üks-ühele kopeerima
jälle koht;kunst abstraktne;tegelikult antropoloogiline;suunama arhitekt;paik projekteerimine;harrit liit;piirkond aura;ülesanne ehitusmahtah;suusama võib-olla
mõte farmaatsiatehaseala;koht sadam;lõpuks keeruline;esindaja loomeinimene;uus no;suhtuma ütlema;sõideoloogia maha;inimene vaja;ütlema nii-öelda
suurem tööstusmaastikumood;kandma institutsioon;tekitama jõudma;kunstiteos mõtlema;meetod piir;dokumental käima;elu mõistma;kanal tegelikult;võib-olla puhas
tihtipeale asi;eetika tegelikult;tehnoloogia areng;moodne äkilisem;korruptsioon detailplaneering;meelelahutus sotsiaalne;kuulama viimane;ajakirjandus rääkima;hoov võib-olla
planeering üldse;ühesõnaga elu;kirjutama aeg;susisema eelnevalt;kolmetoaline mugavus;aeg vaataja;teemaplaneering põhiprintsiip;küsimus marg;nii-öelda vaatlev
sõna kultuurifoorum;kultuuriteemaline tuur;linn tihtipeale;välitöö tulemus;excel tabel;arendaja kohtuma;seisukoht institutsioon;etnoloogia arhitektuur;võib-olla vähem
võistlus loomulikult;metafüüsiline dimensioon;kauem segama;sõideoloogia maha;sisemine heitlus;rituaal elu-olu;avalikkus ütlema;teema jätkuma;võib-olla kõhutunne
mõte puhk;tegelikult etnograafiline;näide eirama;ehitama vesi;nimelt vorm;juht kunst;kommenteerima aasta;buum ajal;teadma võib-olla
maja mängulisem;maa sotsiaalnäide;oluline taustsüsteem;liide kakklema;näiteks detailplaneering;valdkond mõte;inimsõbralik keskkond;ajakirjandus linnalabor;pruukima võib-olla
pilt mäng;märk korralik;tunduma õige;kanal tegelikult;võitma si-us;kart antropoloogia;ideoloogia tookord;maakonnavalitsus eetiline;tegelikult koht
viimane slait;sari moderaator;seismine keskkonnaarhitektuur;kategooria mõtlema;andma ülesanne;maailm filmifestival;klassikaline etnograafiline;toimuma eesti;tahtma võib-olla
sydney ooperiteater;kõrghoone andma;ilu loomine;kirjutama hulganisti;vorm hea;elanik kalamaja;arhitektuuriteemaline telesaade;kaasa terve;võib-olla ütlema
muusika päev;vastane planeering;dokumental käima;arhitektuur välkloeng;inimene suutma;elu helilooja;sydney ooperiteater;linnahall sakala;võib-olla inimlik
manitski siiamaani;lugu detailplaneering;tegelikult alustama;lasnamäe ühiskorter;abstraktne kategooria;etnoloogia arhitektuur;olek klassikaline;mustpea maja;võib-olla teinekord
avalik hukkamõist;ütlema arhitektuuribüroo;looma inimsõbralik;tunduma trügima;abistav ütlema;istuma mõtlema;rääkima ilusti;lauluväljak si-us;ootama võib-olla
võimalus maht;onju pääs;hulganisti artikkel;eestimaa üldse;operaator katrin;helilooja märt-mat;küsimus kommentaar;probleem hoone;võib-olla seostama
ajakirjandus linnalabor;uhke jurakas;mängulisem plastiline;plaan köitma;tunduma suhteliselt;salvestama toonmeister;valdkond kirjandus;kirjutama 30;võib-olla kolm
päev 2013;jurakas absoluutselt;kolm aasta;film ajendama;kahtlus tekkima;no ika;aeg hing;korraldama 2012;trükkima võib-olla
plaan excel;planeering kutsuma;maailm filmifestival;idee sähvatus;ümbritsev kontekst;moderaator märt-mat;eskiisprojekt kreis;aprill mustpea;istuma võib-olla
kultuurifoorumine teema;ütlema natuke;modereeritud elu;silmapaistev otsima;projekt loobuma;muusika päev;maakonnavalitsus eetiline;ajakirjanik meilboks;kord võib-olla
püüdma ekstravagantne;teatud vastutus;loomulikult kallis;korter kohtama;inimene vaja;leidma moodne;taust kritiseerima;liit ebaeetilisus;pääsema võib-olla
kaalutlus küsimus;andma abistav;uus juurdepääsutee;liikumiskeha tegelema;kokkulepe saavutama;kunstnik mari;tagasiside loomeinimene;vaatama saal;võib-olla slait
sotsiaalne vähk;meetod piir;idee kuju;keeruline aeg;planeering rekonstrueerimine;mari kart;etnoloog uurima;elammutama kaheksakümnes;mõtlema võib-olla
moodne äkilisem;tindikulutamine nõus;füüsiliselt väsima;foorum eri;võimalus sildistamine;tagasiside loomeinimene;maailm filmifestival;jutt äkki;silmaring humanitaar-märt-matt
kolastiline vandlik;arendaja linnavalitsus;vestlusring moderaator;zürii võtma;planeering helme;koht ütlema;kutsutud võistlus;kõrghoone vabam;hästi tegelikult
nõus ütlema;kultuurifoorum osalema;projekt ajakirjandus;liit ebaeetilisus;ütlema vastastikku;kunstiinstituut tuudin;arhitektuuriajakirjanik paluma;antropoloogia filmimees;inimene 10
kakumäekeskkond ausalt;kiri excel;vaataja tegelikult;ehitatud ilus;omanik maa;hetk tunduma;kategooria mõtlema;vald maakonnalinnaarhitekt;töötama kindlasti
moderaator märt-mat;võtma keer;funktsioneerima kasutama;konkreetselt no;sadam sadam;inimkohalolu kirjutama;valdkond esindaja;idee kuju;koolijuht arhitektuur
jutt äkki;lahendus suur;kõrghoone panema;maailm sarnane;uks aeg;niglas vestlusring;elu arhitekt;nojah ütlema;jõud töötama
maa sotsiaalnäide;esindaja härra;maksimaalselt president;ebaeetilisus süüdistama;küsimus kontekst;tava omavaheline;kunst viimane;loomulikult suureetika;vaja mõtlema
hästi tegelikult;nimelt dokumentaalfilmižanr;vana puitarhitektuur;suureetika püüdma;arusaam toimuma;panema lauluväljak;tahtma eksponeerima;aasta juhtima;kõrghoone vahva
enam-vähem pilt;isiklik juust;vesi ehitamine;püüdma tegelikult;kuuda ;laul panema;kapa-kohila nagunii;elama kaasaegne;tajuma hästi
mõtlema asi;arhitektuurikeskus võib-olla;misjärel sõna;osalema foorum;ülesanne eelnema;rahvas käima;suhtuma modernistlik;lugu küsima;koolijuht tohtima
ülesanne ehitusmahtah;venemaa inimene;hoone muutus;eesti arhitektuurikeskus;vastane suurem;mõjutama jutt;kontekst istuma;tegelikult maailm;filmifestival paar
kultuurifoorum eetika;istumiskoht ülesõit;1996 -st;tookord pealesurutud;eetiline dimensioon;aura isiklikult;tööstusmaastikumood küsimus;raam tellija;sobimatu arvama
mõte saagas;esineja lootma;tulemus pikaajaline;kultuuriinimene mihkel;otsimine parem;marg tekkima;arhitekt poliitiline;inimkohalolu kirjutama;grupp nii-öelda
puitrajoon natuke;tundma andma;külaline tootma;aasta juhtima;andma kergesti;taustsüsteem tore;modereeritud elu;arutelu korraldama;vaja täitma
slait eetika;püüdma harilik;samamoodi kool;esineja lootma;ootama inimene;koht kohtama;kirjanik mihkel;uus juurdepääsutee;tühi maa
kultuuriministeerium töötav;maa omandama;maja luik;näide eirama;abistav käsi;näiteks kriitik;püha paik;linnavalitsus ütlema;100 1000
allkiri jälle;kohaspetsiifika taju;töö koht;kategooria võimatu;tunne unustama;hulganisti artikkel;isiksus aeg-ajalt;margit mutso;ütlema etnoloogia
maja miljöötunnetu;käituma kasu;olek klassikaline;investeerima sadam;objekt liivalaid;ühine keel;vana projekt;tuba nimetama;väike mutrike
nägema tüpsem;festival film;margit mutso;viitama üldiselt;vorm tookord;tõsiselt tundma;kuulaja alanud;näide eirama;modernism suur
tehnoloogia areng;tunduma õige;suur ühiskondlik;tugevasti arenema;ajendama tagasiside;osalema hea;mõtlema riigimehelikult;tegelikult etnograafiline;mõtlema jääma
kapa-kohila nagunii;otseselt mõjutama;kõikvõimalik projekt;kritiseerima kolleeg;eksisteerima tingimus;aru eriline;tingimus loodus;vastutusrikas jälle;uneaeg võib-olla
oluline taustsüsteem;aru eriline;vaja maksma;toimunud märt-mat;dokumental käima;armastama väljendama;masu ajal;tegelikult looming;uus no
aeg lühem;vesi ehitamine;õhk tahtma;vaja täitma;andma arhitekt;õpetama traditsioon;rääkima kõrgus;ehitatud ilus;sari moderaator
sõltumatu moldaavia;leiutama võimalik;helilooja märt-mat;eetiline hetk;eemalt foto;makramee uku;vestlusring moderaator;arenema võib-olla;osa eesti
lasnamäe ühiskorter;hetk suutma;funktsionaalselt liikumiskeha;kultuurifoorum osalema;soov näiteks;grupp inimene;tunnetus muutuma;kritiseerima tegelikult;võib-olla ühesõnaga
varastamine probleem;maailm teatud;tunne unustama;linnaruum püüdma;asi nägemus;püüdma tähelepanu;uurima grupp;silmaring humanitaar-märt-matt;suur raha
ütlema lipukiri;suur pompöösne;laskma lahti;eelnevalt ajakirjandus;aeg inimene;mõtlema riigimehelikult;maja miljöötunnetu;504700 koht;tundma looming
filmifestival paar;ütlema tallinn;võistlus käigus;kuuekümnes vaene;lugu seoses;toimetama arhitektuuriteemaline;venemaa inimene;inimene 10;kohalik omavalitsus
enamasti mõttekäik;pilt tond;käitumine looming;juhatama kultuurifoorum;ülbem eetilisem;teater loogiline;elama kaasaegne;teinekord kontekst;eesti muusika
juurdeehitus probleem;kunstnik egotripp;publik esineja;kandma institutsioon;detailplaneering hästi;elama kaasaegne;küsimus staadion;si-us kaar;aeg ilm
arhitektuur välkloeng;teemaplaneering põhiprintsiip;kolmetoaline mugavus;excel arhitekt;tookord kuu;moldaavia reegel;saatma põlvkond;helsingi näide;võib-olla nägema
bioloogiline välitöö;võtma rotermanni;meetod piir;joonistama pakkuma;arvama asi;tähtsus sõna;uus lõgor;näiteks maalikunstnik;lilleküla mustamäe
film antropoloogiline;kast number;leidma koolijuht;uudishimu puhas;sorry kosmos;lugema tõeliselt;kohtuma saksa;esimees põhjendus;juurdeehitus ehitus
lammutamine kaks;ettekanne misjärel;si-us maja;loomeliit selg;eetika ootus;sotsiaalnäide sotsiaalmaa;restoran kadriorg;saks ehitama;no õige
tänav ruum;lauluväljak si-us;kord kohtuma;samamoodi kool;kindlasti parem;tahtma rahvas;positsioon tänapäev;järglane elama;vallavalitsus maakonnavalitsus
nurgamaja pärnu;tänav istumiskoht;vorm no;toimuma eesti;foto kindlasti;jätkuma omavaheline;makramee uku;diskussioon kontor;ajakirjandus seisukoht
võib-olla kõhutunne;liikuma raha;nimelt staatiline;kunstnik egotripp;maha uus;küsimus marg;inimene elama;terve kvartal;mõte aeg-ajalt
parendamine aeg;väike konsoolike;valima rida;tüüpmaja nool;mõte abstraktne;väsimus postmodernism;kakumäekeskkond ausalt;kuus aasta;humanitaar-märt-matt lill
teema ütlemine;ekstravagantne loomulik;panema lauluväljak;dimensioon tugevamalt;no hetk;võtma ideoloogia;maja kamber;maja miljöötunnetu;lahendama olukord
kohutavalt ilus;koht tantsupidu;kindlasti puudutama;päev raames;arvama gara;silmaring humanitaar-märt-matt;esindaja loomeinimene;uus no;järjest hiljem
hooneke asi;taju kontekst;seadus raam;aitama hoonestuskava;periood modernism;kohaspetsiifika taju;koht süda;hipodroom täisehitamine;ütlema juht
selleteemaline arutelu;dimensioon pruukima;humanitaar-märt-matt lill;loomekirg rahuldama;tahtma sadam;andma linn;mutrike otsustama;mutrike otsustama;kapa-kohila nagunii
kosmos kosmos;arvama etnograafiline;siiamaani manitski;elamu ärikvartal;esimene klient;üldisem filosoofilisemalt;ajakirjanik meilboks;tegelikult 20;tegelikult suur
majakas kunstiteos;potentsiaal tallinn;elammutama kaheksakümnes;heitma samamoodi;kiri excel;kirjutama interaktsioon;postmodernism mõte;külaline tootma;hästi õnnestuma
järjekord tegelikult;ausalt jama;väike mutrike;büroopindad elamine;no teadma;tänane saade;eeldama koolijuht;otsing jube;korraldus andma
privaatne tallinn;planeering helme;loogiline vastuolu;jaanika juhanson;parem variant;kutsutud võistlus;salvestama toonmeister;töö lugu;elu-olu võimalikult
kutsutud võistluspreteerinud;püha paik;panema ebaeetiline;pankrot eesmärk;tekst täpselt;loeksima mäletama;tantsupidu memme;harrit liit;korraga tellima
aacoli ruumipuudus;suhtlus mõttekas;kass saba;seadma eesmärk;astuma kultuurifoorum;ooperiteater lihtsalt;tuba nimetama;osalema sügavam;piisav kogus
märt-mat lill;elamu ärikvartal;praktiline lahendus;kujunema paistma;kord uus;miljöötunnetu leidma;kohvik herkel;korruptsioonikoht üldse;osalema võistlus
etnograafiline informatsioon;tundelisem piirkond;juurdeehitus probleem;eesmärk tookord;koht privaatne;kohvik herkel;poliitiline kokkulepe;plaat terve;liit natuke
rituaal sinirituaal;mõtlema valmis;heitma heitma;brutopind raske;eelnevalt no;kanal tegelikult;dokumentaalfilm etnograafiline;seisukoht institutsioon;ütlema žürii
kõrgel buum;ambivalentne suhe;joonestama tehnik;loomine yldiselt;astuma hark;informatsioon kunst;üldse kohalik;traditsioon viima;võib-olla kapa-kohila
töö etteheide;maailm korrupeeruma;meilboks kaks;arvestama looming;maksma asi;eluruum elama;hea akadeemiline;põhiprintsiip maakri;oluliselt suurem
objekt liivalaid;linnavalitsus kokkulepe;objekt meri;parem variant;tegelema seadma;vaakuma kontor;korraldama 2012;kesklinn kindlasti;luik restoran
tihtipeale eetika;käsi onju;betoon plaat;kuuekordne meirama;aeg aacoli;klassikaline valter;projekt loobuma;mõte modernismijärgne;korrus tunduma
tänapäev meetod;lugu tallinn;2013 festival;aru eriline;alam ehitama;eirama no;raames aprill;ühiskondlik hoonetemaa;kohvik herkel
alvers vaikselt;kuu andma;kombinatsioon meeldima;margit mutso;osa eetika;tantsupidu memme;jahisadam elamu;seoses kadriorg;töö kool
suurem täisehitusprotsent;läbielamine alvers;1000 vaatama;maalikunstnik süüdistama;kujutama noor;ütlema žürii;100 aasta;hulganisti artikkel;heitma heitma
tahtma sadam;juurdeehitus ehitus;keriv miljon;mismoodi kokkulepe;hea elama;moderaator helilooja;tardike lugema;natuke teistmoodi;kultuurifoorum märt-mat
vaakuma kontor;suutma harima;žürii töö;seoses kadriorg;heitma heitma;võistlus zürii;mari kart;aeg-ajalt õigustama;kvartal hästi
kõrgem brutopind;büroohoon elamu;aprill toimunud;ütlema festival;ehitama uus;modereeritud elu;võimalus kanal;tühi maa;terve kvartal
hoone ehitis;tallinn kesklinn;vallavalitsus maakonnavalitsus;noor büroo;rotatsioon kaks;seisukoht institutsioon;enamik juht;linn riit;lahendus suur
õppima filmitegemine;küsimus rääkima;üheksa korruseline;menetlema tardike;nately no;ootama eetiline;surema omanik;võtma rotermanni;piirkond arhitekt
moldaavia reegel;kokkupuutumine praktiline;rituaal elu-olu;kunnus teatriteadlane;kaotama istuma;aprill mustpea;abstraktne kategooria;suur pilt;võtma töö
küsima hinnapakkumine;jutuajamine tekitama;excel tabel;liitma esimene;arhitektuur ortus;võib-olla meeldima;kirjutama 30;mõtlema riigimehelikult;lauluväljak si-us
tatari sakala;lubatud tumedam;sügavam masu;institutsioon arnikas;ärima andma;elammutama kaheksakümnes;humanitaar-märt-matt lill;annika kuuda;kirjanik mihkel
küsima pilt;teadma mismoodi;kosmos kosmos;teema kindlasti;sündima kritiseerima;ajakirjanik meilboks;keriv miljon;vaatama lilleküla;no kuuekümnes
jaanika teater;nägema nii-öelda;betoon armastama;võtma konkurss;asi tasuma;tellija leping;privaatne tallinn;maa sotsiaalnäide;saksa firma
suur betoon;keskus linn;parkimine kasvama;kogus teljevool;mäng tore;jaanika juhanson;kapten näiteks;kohvik herkel;mõtlema näiteks
katrin maadik;aeg koputama;kõrgus kolastiline;taustsüsteem tore;detailplaneering 1000;hea akadeemiline;istumiskoht ülesõit;materjal kauem;võtma suur
hästi vastutusrikas;zürii võtma;rahakott uks;arhitektuurivõistlus kutsutud;investeerima sadam;maja lugu;seadus raam;rituaal elu-olu;kommenteerima aasta
kiiresti eluruum;asi tähtsam;luik restoran;osalema võistlus;variant halb;õhk tahtma;jurakas klaas;noor büroo;suur õige
muutus käima;aasta maksimaalselt;planeerimine saksa;kaheksakümnes ehitatud;hing vaakuma;tööstusmaastikumood küsimus;konflikt õhk;mäesalu mängima;pääs maailm
72000 504700;slait puudutama;siukne teooria;juurdeehitus kapremont;si-us asi;ortus reegel;moldaavia reegel;aura isiklikult;tahtma sobima
foorum eri;kolmas viimane;kalamaja kalamaja;tegevarhitekt maja;foorum eri;hea elama;sorry kosmos;mastaap hoidma;toimunud märt-mat
tõsisem probleem;omanik maa;harrit liit;1000 vaatama;hea meel;valdkond kirjandus;kohalik elanikkond;arhitekt 1996;hoone jälle
tihti pealne;ehitusmahtah kõrgune;vaheline kvartal;sydney ooperiteater;rekonstrueerimine no;kalev staadion;korruptsioonikoht üldse;loominguline tõlgendamine;eesmärk looma
õpetama traditsioon;süüdistama pidevalt;arendaja paade;inimene teater;tung soon;jääma valima;kalamaja teadma;ruumipuudus venemaa;1996 -st
eesmärk tookord;üldse jääma;maantee tatari;moldaavia reegel;panema panema;sulg saal;ruumipuudus venemaa;radikaalne näide;enam-vähem pilt
mõistmine raske;tänapäev pääsema;raha korruptsioon;astuma kultuurifoorum;joon vale;hindama töö;hipodroom omanik;tantsupidu memme;kuus korrus
ajal järjekord;ruumipuudus venemaa;kalduma meri;oskama kommenteerima;tohutu hulk;koht privaatne;aeg aacoli;üldplaneering teemaplaneering;suur võtma
pöörama kool;nägemus arhitekt;maht sära;silmaring humanitaar-märt-matt;uku masing;objekt meri;toimuma rotatsioon;rikkuma piir;rituaal elu-olu
terve hunnik;foorum eri;72000 504700;võtma etapp;miinimum asi;tellima üheksa;tahtma ilm;moldaavia reegel;üldse võimalik
artikkel arhitektuur;linn eestimaa;puudutama hipodroom;päev 2013;no sen;togo piirkond;togo piirkond;arendaja arendaja;togo piirkond
natuke kategooria;ilus postmodernne;sõltuma makramee;andma kergesti;festival film;nõus maksma;raudtee tond;kaldakindlustus investeerima;hoone muutus
