keyphrase;score
loominguline töö;0.4073
muusika jätkuma;0.3895
ootama tulevane;0.377
kõlama kaudsemalt;0.3615
muusikaline vaatlus;0.3356
mõtlev inimene;0.3352
helilooja kaasaegne;0.3349
tõsine mõte;0.3282
tõsine ebaõnnestumine;0.3252
pakkuv kontsert;0.323
lõik järgnema;0.3172
vastupidav jõuline;0.3125
hiljem teos;0.3124
alustama pikk;0.3122
pidev pingeline;0.3115
elama otse;0.3113
üksik hääl;0.3103
sündmus elu;0.3082
sügavus tõusev;0.307
kuuldav põhikujund;0.3066
kasvama esimene;0.3056
Sksabin muusika;0.3054
kõigutamatu suur;0.3054
tugev tulevikutaju;0.2993
vaikselt otsiv;0.2986
ootamatu aktsent;0.2983
arengulooliselt sisemiselt;0.2982
musitseerimine vägev;0.297
kulgema peatus;0.296
uuesti kuulma;0.2957
Screabin mõtlema;0.294
lõpetama lõpetama;0.2925
screabinlik sonaat;0.2902
katkema väike;0.2875
kunst Screabin;0.2869
peatselt valmiv;0.2814
tegutsemine eneseületamine;0.2814
reaalne fakt;0.2794
järgnev resto;0.2788
lähedaselt maalikunstnik;0.278
screadmine õppima;0.275
lainetus südamik;0.2728
lõpetav lõik;0.2713
Screadmin esimene;0.2702
käsi arenev;0.269
suur missioon;0.268
lähtuma krabin;0.2669
romans pooleli;0.266
kahtlus võimatus;0.2651
külg mängima;0.2648
kontrast järgnev;0.2619
võib-olla rabedam;0.2568
aktiivne tahe;0.2552
kaugus kumisema;0.2546
uus kevad;0.2525
neljas osa;0.2491
õppejõud professor;0.2428
Wagner lõpetama;0.2407
viimane leinaline;0.2402
aasta heli;0.2396
vara lahkuma;0.239
konservatoorium pianist;0.2381
hetk raske;0.2381
eemale sotsiaalne;0.2377
kirik käimine;0.2374
üleskutse tegutsemine;0.2361
Tšaikovski Brahms;0.2331
looming nocturn;0.2313
erandlik intensiivsus;0.2312
kaunis unelm;0.2306
üha pehmenema;0.2299
haistuma hele;0.2294
kirglik veendumus;0.2289
krabin olemasolev;0.2269
elektriseeritu lootus;0.226
õrn vastama;0.2254
esitus kihutama;0.2247
liikumine vaibuma;0.2242
esimene klaver;0.223
koondunud tervik;0.2228
nõrk kehaehitus;0.2225
eeskätt tegudeinimene;0.2213
konservatoorium oluline;0.2209
kirjutama päev;0.2203
tehniline sära;0.2201
tegu ületama;0.2194
Beethoven lik;0.2176
sündima poolus;0.2171
otsesem sonaaditsükkel;0.2142
heitleja kandma;0.214
20 aasta;0.2122
liituma kulminatsioon;0.212
soovima süütma;0.2085
jõud andma;0.2082
uppuma valima;0.2069
vaikne lõunamaine;0.2065
analüüs algus;0.2045
kuuvalgus pimedus;0.2043
asuma suurteos;0.2025
möödunud sajand;0.2021
närviline küllaltki;0.201
eesmärk eesmärk;0.2009
intonatsioon kasvama;0.2007
mulje lapsepõlv;0.1982
väliskeskkond probleem;0.1976
kunst 19;0.1975
atmosfääritorm katastroof;0.1973
õppima Bachi;0.1966
omane Rahmaaninov;0.1952
säilinud kiri;0.1944
ajavahemik osa;0.1937
riik kõnelema;0.1914
klaver kaaslane;0.1878
nimel looma;0.1869
programm tekst;0.1864
Screabin otsesem;0.1863
sonaat sonaat;0.183
Rumessen ;0.1822
ehitus raamima;0.1822
osa 1897;0.1818
sööstma taevas;0.1815
kaheosaline tsükkel;0.1811
loodusinimene armastus;0.1797
maailm teadmine;0.1796
kontrane tormijõud;0.1785
protest hetk;0.1779
põrkuma töötlus;0.1764
Jossif Levin;0.1755
Veera Isakovitš;0.1745
arst sõna;0.1724
Reabine lõppema;0.1721
kiirgus suunama;0.1718
ettekandeteenus nõrk;0.1712
ajastu psühholoogiline;0.1712
puhas ideaalne;0.1693
koor eluvõõras;0.1689
siduma juht;0.1676
sonaat loomine;0.1674
Screabin 10;0.1673
pürgima kirglikult;0.1666
põhiline kujund;0.1659
unistaja kaitsetu;0.1648
ulatus omane;0.1634
reageerima looduspilt;0.1585
surm avaldama;0.1567
pida üheksakümnes;0.156
oopus kuus;0.156
Aadria meri;0.1549
sära kuulsus;0.1542
fantaasia Peeennenenum;0.1537
kosmiline haare;0.1537
saavutamine takistus;0.1528
Ruubel luuletaja;0.151
hobune meenutama;0.1501
võtma marsiline;0.1498
pedagoo Verjov;0.1487
paralleel Schumann;0.1475
Sonaat osa;0.1438
poeetiline kirglik;0.1429
rikkus pakkuv;0.1417
haigestumine märke;0.1413
katkev purse;0.1381
Solt Esminur;0.1294
56 säilinud;0.1293
hing viis;0.129
võluma valakerev;0.1257
vaidlus Reabine;0.1255
noorusaasta ihaletud;0.1217
usk kuum;0.1216
nina jõuseebi;0.1208
sekeerina Ska;0.1188
osa motoorika;0.1159
filigraanne been;0.1131
ütlema Florestandlik;0.1124
tajuma vene;0.1122
Kümnesonaad kuulma;0.109
10 sonaat;0.1081
prelüüt uppuma;0.107
poolus euzeebiuslik;0.1012
kõnelevastmeloodika kantud;0.1011
nägu etüüde;0.0993
plokk Pruubel;0.0967
fakt Screen;0.0874
Safonov teadma;0.0862
Schopen v-moll;0.0818
Esminur esitama;0.0786
vapustama merestiihia;0.0777
farm noor;0.0764
parafraas esitus;0.0738
kustuma Suumann;0.0708
valakerev islam;0.0683
Bachi hästi;0.0614
Mozart torsioon;0.061
tuntud Peeemmol;0.0606
Nataša sekeerina;0.0396
Franck list;0.0333
Krimm abiellumine;0.0191
Scerts viha;0.0147
tutvus Tormis;-0.0575
Taali habras;-0.0772
