lemma;upos;ner tag;fc_count;stopword;rfc_count;fcTotalCount;rfcTotalCount
no;INTJ;O;14;no;315405;6965;932062935
natuke;NOUN;O;1;no;311211;6965;932062935
teatraalne;ADJ;O;1;no;1572;6965;932062935
liigutus;NOUN;O;1;no;29793;6965;932062935
tegema;VERB;O;25;yes;3824200;6965;932062935
,;PUNCT;O;664;no;0;6965;932062935
kutsuma;VERB;O;3;no;330462;6965;932062935
hundiuurija;NOUN;O;8;no;123;6965;932062935
Ilmar;PROPN;O;17;no;10943;6965;932062935
Rootsi;PROPN;O;8;no;146579;6965;932062935
ja;CCONJ;O;246;yes;29978049;6965;932062935
Marko;PROPN;O;12;no;35936;6965;932062935
Kübarsepa;PROPN;O;4;no;33;6965;932062935
loodus;NOUN;O;3;no;173089;6965;932062935
välja;ADV;O;9;yes;1817185;6965;932062935
mina;PRON;O;135;yes;11780658;6965;932062935
võima;AUX;O;19;yes;3045900;6965;932062935
see;DET;O;115;yes;18818291;6965;932062935
jutt;NOUN;O;9;no;337829;6965;932062935
ju;ADV;O;7;yes;845501;6965;932062935
kenasti;ADV;O;2;no;72350;6965;932062935
ka;ADV;O;89;yes;7941300;6965;932062935
kuskil;ADV;O;4;yes;132573;6965;932062935
laud;NOUN;O;2;no;186536;6965;932062935
ümber;ADP;O;1;yes;295135;6965;932062935
ajama;VERB;O;4;no;269064;6965;932062935
sest;SCONJ;O;10;yes;1380142;6965;932062935
et;SCONJ;O;170;yes;12213661;6965;932062935
mingisugune;DET;O;2;yes;53640;6965;932062935
lootus;NOUN;O;2;no;94316;6965;932062935
hunt;NOUN;O;126;no;34635;6965;932062935
nägema;VERB;O;8;no;1467770;6965;932062935
ei;AUX;O;95;yes;10355923;6965;932062935
olema;AUX;O;376;yes;44175173;6965;932062935
aga;CCONJ;O;61;yes;4543343;6965;932062935
hundijutt;NOUN;O;1;no;61;6965;932062935
tulema;VERB;O;33;yes;3338518;6965;932062935
Alam-Pedja;PROPN;O;15;no;653;6965;932062935
looduskaitseala;NOUN;O;8;no;8080;6965;932062935
üks;DET;O;33;yes;3226979;6965;932062935
soosaar;NOUN;O;1;no;1074;6965;932062935
.;PUNCT;O;229;no;0;6965;932062935
ütlema;VERB;O;38;no;1762423;6965;932062935
kas;ADV;O;27;yes;1985401;6965;932062935
ikka;ADV;O;17;yes;1123255;6965;932062935
tegelikult;ADV;O;21;no;475760;6965;932062935
hea;ADJ;O;6;no;1639322;6965;932062935
hundimaa;NOUN;O;2;no;0;6965;932062935
hakkama;VERB;O;22;yes;1534193;6965;932062935
minema;VERB;O;15;yes;2265871;6965;932062935
ligi;ADV;O;2;yes;191809;6965;932062935
kaheksas;ADJ;O;1;no;18966;6965;932062935
aasta;NOUN;O;24;no;4045959;6965;932062935
siin;ADV;O;39;yes;842300;6965;932062935
käima;VERB;O;22;no;1068258;6965;932062935
tõesti;ADV;O;7;yes;299939;6965;932062935
väga;ADV;O;33;yes;2222237;6965;932062935
meeldiv;ADJ;O;1;no;84943;6965;932062935
esimene;ADJ;O;6;no;1420248;6965;932062935
kord;NOUN;O;11;no;1304710;6965;932062935
sattuma;VERB;O;4;no;202967;6965;932062935
seal;ADV;O;42;yes;911658;6965;932062935
97.;ADJ;O;1;no;0;6965;932062935
talv;NOUN;O;4;no;126645;6965;932062935
siiamaani;ADV;O;3;no;30782;6965;932062935
loodetavasti;ADV;O;1;no;57144;6965;932062935
jätkuvalt;ADV;O;1;no;80775;6965;932062935
edaspidi;ADV;O;2;yes;105937;6965;932062935
millal;ADV;O;5;yes;125539;6965;932062935
sina;PRON;O;47;yes;3743020;6965;932062935
kõigepealt;ADV;O;5;yes;78956;6965;932062935
?;PUNCT;O;24;no;0;6965;932062935
Marcust;PROPN;O;1;no;0;6965;932062935
nüüd;ADV;O;22;yes;1119277;6965;932062935
natukene;ADV;O;8;no;65888;6965;932062935
varem;ADV;O;2;no;344486;6965;932062935
siia;ADV;O;6;yes;218549;6965;932062935
nimelt;ADV;O;4;no;163533;6965;932062935
see;PRON;O;167;yes;18818291;6965;932062935
1985.;ADJ;O;1;no;0;6965;932062935
suvi;NOUN;O;5;no;261885;6965;932062935
luss;NOUN;O;1;no;0;6965;932062935
päev;NOUN;O;7;no;1360298;6965;932062935
viima;VERB;O;2;no;561985;6965;932062935
läbi;ADP;O;3;yes;954312;6965;932062935
Endla;PROPN;O;3;no;9242;6965;932062935
siis;ADV;O;116;yes;4824773;6965;932062935
saama;VERB;O;24;yes;7285093;6965;932062935
tuttav;ADJ;O;2;no;147698;6965;932062935
mees;NOUN;O;10;no;1070078;6965;932062935
kes;PRON;O;28;yes;3572036;6965;932062935
nimi;NOUN;O;2;no;536165;6965;932062935
Kaarel;PROPN;O;3;no;15062;6965;932062935
Pedja;PROPN;O;2;no;572;6965;932062935
tema;PRON;O;139;yes;9154483;6965;932062935
elama;VERB;O;9;no;568247;6965;932062935
rõikas;ADJ;O;1;no;0;6965;932062935
Põltsamaa;PROPN;O;5;no;18702;6965;932062935
jõgi;NOUN;O;3;no;98700;6965;932062935
kallas;NOUN;O;2;no;41730;6965;932062935
mäletama;VERB;O;3;no;147820;6965;932062935
kuidas;ADV;O;12;yes;1317035;6965;932062935
peale;ADP;O;7;yes;1209468;6965;932062935
rääkima;VERB;O;12;no;1111753;6965;932062935
kuna;SCONJ;O;5;yes;974997;6965;932062935
raba;NOUN;O;3;no;17131;6965;932062935
serv;NOUN;O;1;no;70030;6965;932062935
kuulma;VERB;O;7;no;283532;6965;932062935
tihti;ADV;O;3;no;167348;6965;932062935
oma;PRON;O;35;yes;4535142;6965;932062935
koduuks;NOUN;O;1;no;2333;6965;932062935
pealt;ADP;O;2;yes;172269;6965;932062935
ulg;NOUN;O;3;no;819;6965;932062935
loomulikult;ADV;O;8;no;169880;6965;932062935
kohe;ADV;O;2;yes;541194;6965;932062935
huvitama;VERB;O;2;no;141970;6965;932062935
leppima;VERB;O;1;no;119297;6965;932062935
Kaarli;PROPN;O;4;no;5334;6965;932062935
kokku;ADV;O;2;yes;901761;6965;932062935
karbema;VERB;O;1;no;0;6965;932062935
juur;NOUN;O;1;no;50464;6965;932062935
rikal;ADV;O;1;no;0;6965;932062935
viis;NUM;O;2;no;476277;6965;932062935
kuni;ADP;O;2;yes;831401;6965;932062935
surm;NOUN;O;2;no;147541;6965;932062935
liikuma;VERB;O;7;no;310429;6965;932062935
palju;PRON;O;4;yes;2032422;6965;932062935
Viljandipoolne;PROPN;O;1;no;0;6965;932062935
küljes;NOUN;O;2;yes;37434;6965;932062935
Peter;PROPN;O;1;no;20234;6965;932062935
oja;NOUN;O;1;no;11670;6965;932062935
ümbrus;NOUN;O;2;no;75409;6965;932062935
otsima;VERB;O;3;no;400788;6965;932062935
sealt;ADV;O;4;yes;262867;6965;932062935
hundipesapaik;NOUN;O;1;no;0;6965;932062935
leidma;VERB;O;4;no;1279610;6965;932062935
küllaltki;ADV;O;4;no;27166;6965;932062935
kindel;ADJ;O;4;no;379090;6965;932062935
tunnus;NOUN;O;2;no;35820;6965;932062935
kusagil;ADV;O;1;yes;62453;6965;932062935
pidama;AUX;O;14;yes;3575612;6965;932062935
pesitsema;VERB;O;1;no;6573;6965;932062935
muidugi;ADV;O;18;yes;424562;6965;932062935
peibutama;VERB;O;4;no;1184;6965;932062935
hundikari;NOUN;O;9;no;815;6965;932062935
Eesti;PROPN;O;3;no;2594139;6965;932062935
kõige;ADV;O;13;yes;1010725;6965;932062935
suurem;ADJ;O;8;no;677819;6965;932062935
kui;ADV;O;7;yes;8878634;6965;932062935
suur;ADJ;O;17;no;1616990;6965;932062935
üldse;ADV;O;10;no;442326;6965;932062935
kindlasti;ADV;O;25;no;602222;6965;932062935
väide;NOUN;O;1;no;76746;6965;932062935
suurim;ADJ;O;1;no;222206;6965;932062935
sõltuvalt;ADV;O;4;no;34796;6965;932062935
kaastus;NOUN;O;1;no;0;6965;932062935
seitse;NUM;O;1;no;109382;6965;932062935
jooksul;ADP;O;1;yes;563392;6965;932062935
nii;ADV;O;72;yes;3430987;6965;932062935
erinev;ADJ;O;3;no;934036;6965;932062935
suurus;NOUN;O;1;no;229518;6965;932062935
karjuma;NOUN;O;1;no;34440;6965;932062935
mõni;PRON;O;6;yes;1272983;6965;932062935
väike;ADJ;O;2;no;690514;6965;932062935
mõni;DET;O;10;yes;1272983;6965;932062935
naaberala;NOUN;O;1;no;327;6965;932062935
jahimees;NOUN;O;7;no;24201;6965;932062935
aktiivsus;NOUN;O;2;no;28483;6965;932062935
mitte;ADV;O;21;yes;1397004;6965;932062935
ainult;ADV;O;14;yes;947442;6965;932062935
muu;PRON;O;6;yes;838288;6965;932062935
tegur;NOUN;O;1;no;42379;6965;932062935
mäng;NOUN;O;2;no;728386;6965;932062935
oletama;VERB;O;1;no;30965;6965;932062935
10;NUM;O;5;no;0;6965;932062935
loom;NOUN;O;18;no;212901;6965;932062935
kanti;ADP;O;1;no;2862;6965;932062935
keskeltläbi;ADV;O;3;no;2534;6965;932062935
möödunud;ADJ;O;2;no;119643;6965;932062935
kevad;NOUN;O;3;no;161236;6965;932062935
jääma;VERB;O;10;no;1700272;6965;932062935
kuusia;NOUN;O;1;no;0;6965;932062935
liising;NOUN;O;1;no;6487;6965;932062935
pesakond;NOUN;O;2;no;5641;6965;932062935
ilmselt;ADV;O;8;no;335183;6965;932062935
vana;ADJ;O;5;no;443780;6965;932062935
Units;PROPN;O;1;no;226;6965;932062935
lahkuma;VERB;O;3;no;161484;6965;932062935
kandma;VERB;O;1;no;395681;6965;932062935
üheksa;NUM;O;2;no;66937;6965;932062935
kuni;CCONJ;O;2;yes;831401;6965;932062935
looma;VERB;O;1;no;409759;6965;932062935
julge;ADJ;O;1;no;24284;6965;932062935
kümnendik;NUM;O;2;no;5621;6965;932062935
eesti;ADJ;O;2;no;457012;6965;932062935
teadma;VERB;O;18;no;1482699;6965;932062935
asi;NOUN;O;20;no;1422865;6965;932062935
juurdekasv;NOUN;O;1;no;4258;6965;932062935
oodatu;NOUN;O;1;no;9141;6965;932062935
rohkem;ADV;O;10;yes;1093000;6965;932062935
huntama;VERB;O;1;no;0;6965;932062935
kui;SCONJ;O;78;yes;8878634;6965;932062935
vaevalt;ADV;O;2;no;43182;6965;932062935
100;NUM;O;2;no;0;6965;932062935
küllap;ADV;O;5;no;40199;6965;932062935
võib-olla;ADV;O;16;yes;138681;6965;932062935
juba;ADV;O;15;yes;1850492;6965;932062935
120;NUM;O;1;no;0;6965;932062935
130;X;O;1;no;0;6965;932062935
moodustama;VERB;O;4;no;138627;6965;932062935
oskama;VERB;O;9;no;442667;6965;932062935
enne;ADP;O;1;yes;841805;6965;932062935
lumi;NOUN;O;3;no;93146;6965;932062935
tulek;NOUN;O;1;no;41970;6965;932062935
raske;ADJ;O;6;no;359916;6965;932062935
miski;PRON;O;16;yes;1421694;6965;932062935
prognoosima;VERB;O;1;no;16190;6965;932062935
maha;ADV;O;2;no;411648;6965;932062935
palju;ADV;O;23;yes;2032422;6965;932062935
täpsem;ADJ;O;1;no;69171;6965;932062935
pilt;NOUN;O;2;no;671722;6965;932062935
praegu;ADV;O;12;yes;542400;6965;932062935
keeruline;ADJ;O;2;no;172672;6965;932062935
täpselt;ADV;O;3;no;264891;6965;932062935
kari;NOUN;O;17;no;23014;6965;932062935
valju;DET;O;1;no;76;6965;932062935
hundiasurkond;NOUN;O;1;no;47;6965;932062935
olema;VERB;O;10;yes;44175173;6965;932062935
varsti;ADV;O;2;no;103548;6965;932062935
ilmuma;VERB;O;1;no;138432;6965;932062935
raamat;NOUN;O;2;no;510015;6965;932062935
inimene;NOUN;O;28;no;2519709;6965;932062935
suhe;NOUN;O;5;no;234471;6965;932062935
ajalugu;NOUN;O;2;no;210344;6965;932062935
Eestimaa;PROPN;O;6;no;50928;6965;932062935
kunagi;ADV;O;10;yes;447201;6965;932062935
gilsalt;ADV;O;1;no;0;6965;932062935
praegune;ADJ;O;2;yes;309258;6965;932062935
uskuma;VERB;O;7;no;337650;6965;932062935
baltisakslane;NOUN;O;1;no;2451;6965;932062935
Petrid;PROPN;O;1;no;0;6965;932062935
poolt;ADP;O;5;yes;608317;6965;932062935
kaheksa;NUM;O;2;no;101270;6965;932062935
teine;ADJ;O;3;yes;2482902;6965;932062935
eestlane;NOUN;O;1;no;232250;6965;932062935
kiri;NOUN;O;1;no;319565;6965;932062935
panema;VERB;O;6;no;1364289;6965;932062935
kohtama;VERB;O;1;no;60546;6965;932062935
20;NUM;O;2;no;0;6965;932062935
seitsepealine;NOUN;O;1;no;0;6965;932062935
reis;NOUN;O;2;no;135935;6965;932062935
Krood;PROPN;O;1;no;108;6965;932062935
mõis;NOUN;O;3;no;89345;6965;932062935
Virumaa;PROPN;O;2;no;15580;6965;932062935
vist;ADV;O;7;yes;352175;6965;932062935
hull;ADJ;O;4;no;90362;6965;932062935
eksima;VERB;O;1;no;47446;6965;932062935
veidma;VERB;O;1;no;0;6965;932062935
ide;NOUN;O;1;no;4201;6965;932062935
ise;PRON;O;12;yes;3509459;6965;932062935
ala;NOUN;O;6;no;238521;6965;932062935
kuulama;VERB;O;5;no;202795;6965;932062935
või;ADV;O;3;yes;4113697;6965;932062935
nojah;INTJ;O;2;no;21112;6965;932062935
sageli;ADV;O;2;no;155963;6965;932062935
harva;ADV;O;1;no;45799;6965;932062935
mis;PRON;O;36;yes;9028438;6965;932062935
nagu;SCONJ;O;36;yes;1699877;6965;932062935
ilm;NOUN;O;1;no;207337;6965;932062935
ennem;ADV;O;5;yes;37063;6965;932062935
samamoodi;ADV;O;6;no;77924;6965;932062935
isegi;ADV;O;9;yes;696376;6965;932062935
üks;NUM;O;2;yes;3226979;6965;932062935
150;NUM;O;1;no;0;6965;932062935
mitu;DET;O;3;yes;814408;6965;932062935
niiviisi;ADV;O;3;no;14848;6965;932062935
küsima;VERB;O;6;no;448244;6965;932062935
hundima;VERB;O;1;no;0;6965;932062935
selgelt;ADV;O;1;no;90806;6965;932062935
ei;ADV;O;4;yes;10355923;6965;932062935
küll;ADV;O;16;yes;1080941;6965;932062935
jah;ADV;O;13;yes;412789;6965;932062935
Tartumaapoolne;PROPN;O;1;no;0;6965;932062935
üle;ADP;O;4;yes;1447134;6965;932062935
käinud;ADJ;O;2;no;571;6965;932062935
pärast;ADP;O;10;yes;1109488;6965;932062935
õis;NOUN;O;2;no;36212;6965;932062935
mets;NOUN;O;10;no;191275;6965;932062935
lähtuvalt;ADV;O;1;no;31981;6965;932062935
küllalt;ADV;O;1;no;24825;6965;932062935
testiv;ADJ;O;1;no;151;6965;932062935
tundma;VERB;O;6;no;633300;6965;932062935
tähendama;VERB;O;5;no;444609;6965;932062935
õigesti;ADV;O;1;no;53471;6965;932062935
aru;NOUN;O;4;no;417387;6965;932062935
just;ADV;O;17;yes;809252;6965;932062935
tõeline;ADJ;O;1;no;117218;6965;932062935
jätma;VERB;O;3;no;517566;6965;932062935
nii-öelda;ADV;O;15;no;15927;6965;932062935
vastavalt;ADP;O;3;no;287315;6965;932062935
tont;NOUN;O;2;no;9219;6965;932062935
vastama;VERB;O;5;no;364411;6965;932062935
saama;AUX;O;12;yes;7285093;6965;932062935
aspekt;NOUN;O;2;no;50969;6965;932062935
territoriaalne;ADJ;O;2;no;8505;6965;932062935
või;CCONJ;O;41;yes;4113697;6965;932062935
lihtsalt;ADV;O;8;no;748671;6965;932062935
soov;NOUN;O;1;no;307869;6965;932062935
suhtlema;VERB;O;3;no;96514;6965;932062935
mõlema;PRON;O;2;yes;332283;6965;932062935
hääl;NOUN;O;10;no;194777;6965;932062935
sobiv;ADJ;O;2;no;168740;6965;932062935
aeg;NOUN;O;12;no;2435622;6965;932062935
koht;NOUN;O;6;no;1148987;6965;932062935
ahvatlema;VERB;O;1;no;5428;6965;932062935
õpetaja;NOUN;O;1;no;339940;6965;932062935
seesama;ADJ;O;1;yes;50200;6965;932062935
laenama;VERB;O;1;no;22226;6965;932062935
kassett;NOUN;O;2;no;7922;6965;932062935
Ameerika;PROPN;O;4;no;106208;6965;932062935
suguvend;NOUN;O;1;no;560;6965;932062935
ega;ADV;O;6;yes;707621;6965;932062935
üritama;VERB;O;1;no;192802;6965;932062935
harjutama;VERB;O;2;no;42334;6965;932062935
vagi;NOUN;O;1;no;0;6965;932062935
vaja;ADV;O;5;no;695844;6965;932062935
täiendama;VERB;O;1;no;68610;6965;932062935
edasi;ADV;O;7;yes;598918;6965;932062935
põhiosa;NOUN;O;1;no;7723;6965;932062935
lasuma;VERB;O;1;no;6626;6965;932062935
vanakoolipuhuja;NOUN;O;1;no;0;6965;932062935
kool;NOUN;O;2;no;581408;6965;932062935
tegelema;VERB;O;3;no;308940;6965;932062935
pioneer;NOUN;O;1;no;5929;6965;932062935
veel;ADV;O;16;yes;1875606;6965;932062935
Ilvar;PROPN;O;2;no;13;6965;932062935
käest;ADP;O;1;yes;54233;6965;932062935
üle;ADV;O;4;yes;1447134;6965;932062935
õpilane;NOUN;O;3;no;315105;6965;932062935
iseõppija;NOUN;O;2;no;991;6965;932062935
keegi;PRON;O;6;yes;909915;6965;932062935
täiesti;ADV;O;5;yes;326019;6965;932062935
algus;NOUN;O;3;no;553351;6965;932062935
80.-te;ADJ;O;1;no;0;6965;932062935
pool;NOUN;O;3;yes;616839;6965;932062935
noh;INTJ;O;10;yes;115252;6965;932062935
enam;ADV;O;5;yes;916792;6965;932062935
tagasi;ADP;O;3;yes;880780;6965;932062935
kusagilt;ADV;O;2;no;24582;6965;932062935
raadius;NOUN;O;1;no;7492;6965;932062935
niimoodi;ADV;O;14;yes;68305;6965;932062935
hundiulk;NOUN;O;1;no;0;6965;932062935
püüdma;VERB;O;5;no;287450;6965;932062935
ime;NOUN;O;2;no;49936;6965;932062935
tsiteerima;VERB;O;2;no;57777;6965;932062935
kodu;NOUN;O;4;no;689127;6965;932062935
tuba;NOUN;O;1;no;270582;6965;932062935
tasakesi;ADV;O;1;no;3137;6965;932062935
naaberkorter;NOUN;O;1;no;542;6965;932062935
kostma;VERB;O;1;no;27507;6965;932062935
hiljem;ADV;O;4;no;361314;6965;932062935
proovima;VERB;O;1;no;314028;6965;932062935
95.;ADJ;O;1;no;0;6965;932062935
tooma;VERB;O;1;no;815211;6965;932062935
abi;NOUN;O;2;no;355775;6965;932062935
imiteerima;VERB;O;1;no;4288;6965;932062935
oskus;NOUN;O;2;no;164157;6965;932062935
pikem;NOUN;O;1;no;144795;6965;932062935
arenema;VERB;O;1;no;62505;6965;932062935
moment;NOUN;O;1;no;31611;6965;932062935
vastane;NOUN;O;1;no;159495;6965;932062935
september;NOUN;O;6;no;198823;6965;932062935
1987;NUM;O;1;no;0;6965;932062935
sammas;NOUN;O;1;no;30826;6965;932062935
poole;ADP;O;5;yes;344142;6965;932062935
kõik;DET;O;6;yes;3138760;6965;932062935
alati;ADV;O;8;yes;548446;6965;932062935
külaline;NOUN;O;1;no;110077;6965;932062935
Nolind;PROPN;O;1;no;0;6965;932062935
kolama;VERB;O;1;no;4721;6965;932062935
hetern;NOUN;O;1;no;0;6965;932062935
Laashoone;PROPN;O;1;no;13;6965;932062935
turvakur;NOUN;O;1;no;0;6965;932062935
kõik;PRON;O;4;yes;3138760;6965;932062935
õhtu;NOUN;O;2;no;322860;6965;932062935
öösiti;ADV;O;1;no;14135;6965;932062935
juures;ADP;O;3;yes;402814;6965;932062935
laut;NOUN;O;2;no;11039;6965;932062935
lakk;NOUN;O;1;no;14136;6965;932062935
ehk;CCONJ;O;1;yes;977379;6965;932062935
uluma;VERB;O;2;no;594;6965;932062935
öö;NOUN;O;5;no;157190;6965;932062935
nädalavahetus;NOUN;O;1;no;115988;6965;932062935
Nov;PROPN;O;1;no;6789;6965;932062935
vaatama;VERB;O;7;no;1204574;6965;932062935
Karli;PROPN;O;1;no;0;6965;932062935
viljavesk;NOUN;O;1;no;0;6965;932062935
ära;ADV;O;5;yes;1430862;6965;932062935
kell;NOUN;O;1;no;863794;6965;932062935
pool;NUM;O;1;yes;616839;6965;932062935
12;NUM;O;1;no;0;6965;932062935
õlu;NOUN;O;1;no;52586;6965;932062935
teine;PRON;O;8;yes;2482902;6965;932062935
kolmas;ADJ;O;1;no;378836;6965;932062935
kutse;NOUN;O;1;no;48433;6965;932062935
järel;ADP;O;1;yes;176213;6965;932062935
üksikisahunt;NOUN;O;1;no;0;6965;932062935
vastaski;ADV;O;1;no;0;6965;932062935
esmakordne;ADJ;O;1;no;9852;6965;932062935
vastus;NOUN;O;3;no;294600;6965;932062935
neljajalgne;ADJ;O;1;no;4022;6965;932062935
elav;ADJ;O;1;no;96577;6965;932062935
elamus;NOUN;O;2;no;35760;6965;932062935
õnnehetk;NOUN;O;1;no;462;6965;932062935
peaaegu;ADV;O;5;yes;177844;6965;932062935
terve;ADJ;O;5;no;341956;6965;932062935
tund;NOUN;O;1;no;482079;6965;932062935
miks;ADV;O;6;yes;580050;6965;932062935
vahel;ADP;O;3;yes;555453;6965;932062935
omamoodi;ADV;O;1;no;31912;6965;932062935
hobi;ADJ;O;1;no;26904;6965;932062935
samas;ADV;O;5;yes;389430;6965;932062935
bioloogiline;ADJ;O;2;no;23737;6965;932062935
elu;NOUN;O;11;no;946740;6965;932062935
peamine;ADJ;O;1;no;175427;6965;932062935
arvama;VERB;O;14;no;778296;6965;932062935
ikkagi;ADV;O;5;yes;271404;6965;932062935
eks;ADV;O;13;yes;283895;6965;932062935
hobi;NOUN;O;1;no;26904;6965;932062935
kiremont;NOUN;O;1;no;0;6965;932062935
selline;DET;O;15;yes;1661084;6965;932062935
kus;ADV;O;17;yes;1607926;6965;932062935
enne;ADV;O;2;yes;841805;6965;932062935
vot;ADV;O;1;yes;36142;6965;932062935
järgi;ADP;O;3;yes;472793;6965;932062935
võimalik;ADJ;O;3;no;939996;6965;932062935
isend;NOUN;O;5;no;27156;6965;932062935
vahe;NOUN;O;4;no;182714;6965;932062935
isa;NOUN;O;4;no;220245;6965;932062935
olu;NOUN;O;4;no;47337;6965;932062935
identne;ADJ;O;1;no;7771;6965;932062935
teatud;ADJ;O;7;no;159599;6965;932062935
puhul;ADP;O;3;yes;590821;6965;932062935
paar-kolm;NUM;O;1;no;4302;6965;932062935
üsna;ADV;O;5;yes;309067;6965;932062935
hästi;ADV;O;4;no;574210;6965;932062935
eristama;VERB;O;2;no;33830;6965;932062935
alfa;NOUN;O;5;no;4095;6965;932062935
poolest;ADP;O;1;yes;112711;6965;932062935
tähtsam;ADJ;O;4;no;67340;6965;932062935
territoorium;NOUN;O;12;no;67029;6965;932062935
ema;NOUN;O;7;no;311624;6965;932062935
tähtis;ADJ;O;2;no;159720;6965;932062935
emane;NOUN;O;3;no;11703;6965;932062935
kutsikas;NOUN;O;8;no;18357;6965;932062935
hääletämber;NOUN;O;2;no;359;6965;932062935
kujunema;VERB;O;1;no;109268;6965;932062935
põhimõtteliselt;ADV;O;1;no;59727;6965;932062935
alamveli;NOUN;O;1;no;0;6965;932062935
ükspäev;ADV;O;2;no;9686;6965;932062935
Narva;PROPN;O;1;no;97738;6965;932062935
mõtlema;VERB;O;7;no;868014;6965;932062935
mismoodi;ADV;O;1;no;16892;6965;932062935
siiani;ADV;O;1;yes;113588;6965;932062935
hundipere;NOUN;O;2;no;68;6965;932062935
kui;CCONJ;O;4;yes;8878634;6965;932062935
Järvselja;PROPN;O;3;no;1134;6965;932062935
üheksakümnes;ADJ;O;1;no;3775;6965;932062935
võrdlema;VERB;O;2;no;254702;6965;932062935
paar;NUM;O;3;no;440117;6965;932062935
alfaisa;NOUN;O;1;no;0;6965;932062935
perejuht;NOUN;O;1;no;0;6965;932062935
sama;DET;O;2;yes;1115714;6965;932062935
paar;NOUN;O;4;no;440117;6965;932062935
kumbki;DET;O;1;yes;51935;6965;932062935
pereisa;NOUN;O;1;no;5446;6965;932062935
sarnane;ADJ;O;1;no;171830;6965;932062935
järvselg;NOUN;O;1;no;0;6965;932062935
alfaisane;NOUN;O;1;no;549;6965;932062935
mõnevõrra;ADV;O;1;no;27017;6965;932062935
võimsam;ADJ;O;1;no;19051;6965;932062935
madalam;ADJ;O;1;no;66340;6965;932062935
tugevam;ADJ;O;1;no;65733;6965;932062935
olev;ADJ;O;2;yes;362707;6965;932062935
isane;ADJ;O;4;no;12421;6965;932062935
kaks;NUM;O;8;no;1334057;6965;932062935
pere;NOUN;O;1;no;314465;6965;932062935
siinne;ADJ;O;2;no;56410;6965;932062935
hulk;NOUN;O;2;no;165534;6965;932062935
tavaline;ADJ;O;1;no;197660;6965;932062935
kõrgem;ADJ;O;3;no;140688;6965;932062935
isahundiolu;NOUN;O;1;no;0;6965;932062935
domineerima;VERB;O;1;no;16888;6965;932062935
õu;NOUN;O;1;no;84096;6965;932062935
vastupidi;ADV;O;1;no;58537;6965;932062935
alustama;VERB;O;1;no;424959;6965;932062935
hoog;NOUN;O;1;no;76130;6965;932062935
valjem;ADJ;O;1;no;2386;6965;932062935
puu;NOUN;O;1;no;171612;6965;932062935
peal;ADP;O;4;yes;291595;6965;932062935
alfaemane;NOUN;O;1;no;45;6965;932062935
kriiskav;ADJ;O;1;no;708;6965;932062935
kilkama;VERB;O;2;no;2203;6965;932062935
valjult;ADV;O;1;no;3743;6965;932062935
ääretult;ADV;O;1;no;14954;6965;932062935
huvitav;ADJ;O;4;no;292581;6965;932062935
viimati;ADV;O;1;no;80832;6965;932062935
neljas;ADJ;O;1;no;111465;6965;932062935
tänane;ADJ;O;3;no;180017;6965;932062935
jutukaaslane;NOUN;O;1;no;206;6965;932062935
piinama;VERB;O;1;no;10791;6965;932062935
üks;PRON;O;3;yes;3226979;6965;932062935
heliplaat;NOUN;O;1;no;2144;6965;932062935
Fred;PROPN;O;1;no;8713;6965;932062935
Jüssi;PROPN;O;1;no;1530;6965;932062935
vinüülplaat;NOUN;O;1;no;1785;6965;932062935
jätkama;VERB;O;2;no;242503;6965;932062935
keskeprogramm;NOUN;O;1;no;0;6965;932062935
termin;NOUN;O;1;no;25135;6965;932062935
sisse;ADV;O;3;yes;547615;6965;932062935
alfaisane;ADJ;O;2;no;549;6965;932062935
alfaemane;ADJ;O;2;no;45;6965;932062935
hundikarjastruktuur;NOUN;O;1;no;0;6965;932062935
Alphad;PROPN;O;1;no;0;6965;932062935
liik;NOUN;O;4;no;99986;6965;932062935
karjaline;ADJ;O;1;no;16;6965;932062935
eluviis;NOUN;O;1;no;27276;6965;932062935
positsioon;NOUN;O;5;no;76535;6965;932062935
paik;NOUN;O;2;no;189335;6965;932062935
keel;NOUN;O;1;no;560971;6965;932062935
bee;NOUN;O;2;no;346;6965;932062935
gamma;NOUN;O;1;no;892;6965;932062935
Alfred;PROPN;O;1;no;6383;6965;932062935
alfa-alfa-ema;NOUN;O;1;no;0;6965;932062935
ainuõigus;NOUN;O;1;no;1914;6965;932062935
paljunema;VERB;O;2;no;5188;6965;932062935
vastavalt;ADV;O;1;no;287315;6965;932062935
ülejäänud;ADJ;O;1;no;101546;6965;932062935
gammaloom;NOUN;O;1;no;0;6965;932062935
üldjuht;NOUN;O;5;no;50426;6965;932062935
ülemöödunud;ADJ;O;1;no;2022;6965;932062935
igalüht;PRON;O;2;no;0;6965;932062935
ülesanne;NOUN;O;2;no;212366;6965;932062935
kaua;ADV;O;1;no;149779;6965;932062935
noor;ADJ;O;3;no;546822;6965;932062935
koos;ADV;O;1;yes;875375;6965;932062935
püsima;VERB;O;2;no;121341;6965;932062935
mingi;DET;O;7;yes;1065354;6965;932062935
hetk;NOUN;O;2;no;667812;6965;932062935
känd;NOUN;O;1;no;7102;6965;932062935
teine;DET;O;9;yes;2482902;6965;932062935
halb;ADJ;O;3;no;177187;6965;932062935
iga;DET;O;5;yes;1374684;6965;932062935
uus;ADJ;O;4;no;1922794;6965;932062935
tekkima;VERB;O;4;no;521616;6965;932062935
osa;NOUN;O;4;no;998668;6965;932062935
lahkumine;NOUN;O;1;no;48189;6965;932062935
põhiasi;NOUN;O;1;no;957;6965;932062935
iseloom;NOUN;O;3;no;45159;6965;932062935
küsimus;NOUN;O;2;no;622168;6965;932062935
läbi;ADV;O;1;yes;954312;6965;932062935
suuteline;ADJ;O;1;no;15365;6965;932062935
võimeline;ADJ;O;1;no;52297;6965;932062935
taluma;VERB;O;1;no;33397;6965;932062935
üleolek;NOUN;O;1;no;3266;6965;932062935
piisavalt;ADV;O;3;no;200809;6965;932062935
vaba;ADJ;O;3;no;244447;6965;932062935
lahkuv;VERB;O;1;no;4501;6965;932062935
põhiline;ADJ;O;2;no;53634;6965;932062935
lahkuv;ADJ;O;1;no;4501;6965;932062935
ennekõike;ADV;O;1;no;29795;6965;932062935
emasloom;NOUN;O;1;no;1344;6965;932062935
hankima;VERB;O;1;no;31759;6965;932062935
jooksev;ADJ;O;1;no;18090;6965;932062935
juht;NOUN;O;5;no;823361;6965;932062935
allaheitlik;ADJ;O;1;no;391;6965;932062935
tihtilugu;ADV;O;8;no;7154;6965;932062935
kõrval;ADV;O;1;yes;166126;6965;932062935
kinni;ADV;O;5;no;325823;6965;932062935
kohati;ADV;O;1;yes;71804;6965;932062935
viimane;ADJ;O;2;no;960645;6965;932062935
redelipulk;NOUN;O;1;no;246;6965;932062935
inimühiskond;NOUN;O;4;no;1639;6965;932062935
kerge;ADJ;O;1;no;174126;6965;932062935
eriti;ADV;O;3;no;605323;6965;932062935
võimalus;NOUN;O;1;no;896364;6965;932062935
pidama;VERB;O;13;yes;3575612;6965;932062935
piim;NOUN;O;1;no;61855;6965;932062935
palukas;NOUN;O;1;no;17;6965;932062935
toidulaud;NOUN;O;1;no;10464;6965;932062935
sinna;ADV;O;6;yes;368268;6965;932062935
alla;ADP;O;2;yes;632630;6965;932062935
pudenema;VERB;O;1;no;6099;6965;932062935
paraku;ADV;O;3;no;106602;6965;932062935
karv;NOUN;O;1;no;23432;6965;932062935
nahkejas;ADJ;O;1;no;0;6965;932062935
maailm;NOUN;O;3;no;664447;6965;932062935
naine;NOUN;O;4;no;822988;6965;932062935
valitsus;NOUN;O;2;no;313677;6965;932062935
vesi;NOUN;O;2;no;438559;6965;932062935
pidi;ADP;O;1;yes;9288;6965;932062935
roll;NOUN;O;3;no;209164;6965;932062935
olulisem;ADJ;O;1;no;100609;6965;932062935
eliit;NOUN;O;1;no;11267;6965;932062935
juhtuma;VERB;O;11;no;321293;6965;932062935
omama;VERB;O;1;no;112154;6965;932062935
võim;NOUN;O;1;no;144451;6965;932062935
emahunt;NOUN;O;2;no;343;6965;932062935
ootama;VERB;O;2;no;587221;6965;932062935
retk;NOUN;O;1;no;15005;6965;932062935
jahiretk;NOUN;O;1;no;305;6965;932062935
omand;NOUN;O;2;no;17070;6965;932062935
kisa;NOUN;O;2;no;9268;6965;932062935
kuigi;SCONJ;O;4;yes;498107;6965;932062935
isahunt;NOUN;O;1;no;108;6965;932062935
karjajuht;NOUN;O;1;no;241;6965;932062935
sisuline;ADJ;O;2;no;23740;6965;932062935
karjaelu;NOUN;O;1;no;25;6965;932062935
korraldaja;NOUN;O;1;no;87906;6965;932062935
jaht;NOUN;O;3;no;29670;6965;932062935
organiseerija;NOUN;O;1;no;2487;6965;932062935
toorium;NOUN;O;2;no;220;6965;932062935
kaitsmine;NOUN;O;1;no;38845;6965;932062935
märgistamine;NOUN;O;1;no;4836;6965;932062935
kogemus;NOUN;O;2;no;330671;6965;932062935
õnnestuma;VERB;O;3;no;177653;6965;932062935
isane;NOUN;O;1;no;12421;6965;932062935
kaasas;ADV;O;2;yes;85601;6965;932062935
vei;NOUN;O;1;no;721;6965;932062935
selguma;VERB;O;1;no;197232;6965;932062935
loogiline;ADJ;O;1;no;42734;6965;932062935
kaitsja;NOUN;O;1;no;28308;6965;932062935
näiteks;ADV;O;5;no;259375;6965;932062935
võõras;ADJ;O;1;no;84151;6965;932062935
sissetung;NOUN;O;1;no;4886;6965;932062935
kohus;NOUN;O;1;no;176902;6965;932062935
kontrollima;VERB;O;3;no;163669;6965;932062935
vastu;ADV;O;3;yes;1054024;6965;932062935
perekonnapea;NOUN;O;1;no;514;6965;932062935
kael;NOUN;O;1;no;57972;6965;932062935
keerama;VERB;O;2;no;124737;6965;932062935
naa;ADJ;O;1;yes;14081;6965;932062935
pool;ADV;O;1;yes;616839;6965;932062935
äkki;ADV;O;7;no;182318;6965;932062935
päris;ADV;O;7;yes;459040;6965;932062935
ühine;ADJ;O;3;no;170785;6965;932062935
järeldus;NOUN;O;2;no;57737;6965;932062935
jõudma;VERB;O;5;no;869599;6965;932062935
hundiühiskond;NOUN;O;1;no;0;6965;932062935
pidepunkt;NOUN;O;1;no;2066;6965;932062935
joon;NOUN;O;1;no;69525;6965;932062935
sotsiaalne;ADJ;O;1;no;108388;6965;932062935
perekond;NOUN;O;1;no;118283;6965;932062935
juhtima;VERB;O;1;no;208258;6965;932062935
ühiskond;NOUN;O;2;no;190857;6965;932062935
põlvkond;NOUN;O;1;no;66902;6965;932062935
järglane;NOUN;O;1;no;13757;6965;932062935
sammuma;VERB;O;1;no;11069;6965;932062935
laps;NOUN;O;4;no;1505088;6965;932062935
siinjuures;ADV;O;1;no;5662;6965;932062935
silm;NOUN;O;7;no;537359;6965;932062935
loodusrahvas;NOUN;O;1;no;701;6965;932062935
kütma;VERB;O;1;no;20370;6965;932062935
tera;NOUN;O;1;no;23301;6965;932062935
kaitsma;VERB;O;8;no;177595;6965;932062935
võõras;NOUN;O;1;no;84151;6965;932062935
eest;ADP;O;8;yes;1110901;6965;932062935
hoolitsema;VERB;O;1;no;52403;6965;932062935
järelkasv;NOUN;O;1;no;5655;6965;932062935
toit;NOUN;O;2;no;280492;6965;932062935
nappus;NOUN;O;1;no;5508;6965;932062935
sööma;VERB;O;4;no;314593;6965;932062935
hierarhiaredel;NOUN;O;1;no;37;6965;932062935
pulk;NOUN;O;1;no;18189;6965;932062935
asuv;ADJ;O;1;no;187488;6965;932062935
jälle;ADV;O;6;no;307300;6965;932062935
kütt;NOUN;O;1;no;4302;6965;932062935
lugema;VERB;O;1;no;754112;6965;932062935
loetletud;VERB;O;1;no;15990;6965;932062935
juurde;ADV;O;1;yes;555179;6965;932062935
abielukomme;NOUN;O;1;no;0;6965;932062935
vahetama;VERB;O;1;no;237624;6965;932062935
abikaasa;NOUN;O;1;no;87440;6965;932062935
üld;NOUN;O;1;no;3599;6965;932062935
monogaalne;ADJ;O;1;no;0;6965;932062935
ettekohane;ADJ;O;1;no;0;6965;932062935
Polugaamed;PROPN;O;1;no;0;6965;932062935
isasloom;NOUN;O;1;no;805;6965;932062935
kohta;ADP;O;5;yes;1118768;6965;932062935
mitu;PRON;O;2;yes;814408;6965;932062935
põhjus;NOUN;O;8;no;400878;6965;932062935
madal;ADJ;O;1;no;126046;6965;932062935
asustustihedus;NOUN;O;1;no;1423;6965;932062935
kriimsilm;NOUN;O;1;no;576;6965;932062935
vähe;ADV;O;2;no;199406;6965;932062935
üldiselt;ADV;O;1;no;129368;6965;932062935
monogaamia;NOUN;O;1;no;476;6965;932062935
kuni;SCONJ;O;2;yes;831401;6965;932062935
kaaslane;NOUN;O;1;no;56094;6965;932062935
hukkumine;NOUN;O;1;no;4641;6965;932062935
püsiv;ADJ;O;1;no;34876;6965;932062935
jällegi;ADV;O;1;no;51534;6965;932062935
jahindus;NOUN;O;1;no;3376;6965;932062935
jahindusaktiivsus;NOUN;O;1;no;0;6965;932062935
ainuke;ADJ;O;1;no;74469;6965;932062935
omavaheline;ADJ;O;2;no;47739;6965;932062935
nägelemine;NOUN;O;1;no;237;6965;932062935
tahtma;VERB;O;6;no;1254286;6965;932062935
liidripositsioon;NOUN;O;1;no;2374;6965;932062935
haarama;VERB;O;1;no;64818;6965;932062935
inimkeel;NOUN;O;1;no;1191;6965;932062935
peksma;VERB;O;1;no;31101;6965;932062935
260;NUM;O;1;no;0;6965;932062935
ruutkilomeeter;NOUN;O;3;no;3420;6965;932062935
ootamatult;ADV;O;1;no;40017;6965;932062935
hulgast;ADP;O;1;yes;33298;6965;932062935
kaitsealahoidja;NOUN;O;1;no;0;6965;932062935
Einar;PROPN;O;2;no;5897;6965;932062935
Tammur;PROPN;O;1;no;677;6965;932062935
kaitseala;NOUN;O;7;no;11918;6965;932062935
embleem;NOUN;O;1;no;4610;6965;932062935
joonistama;VERB;O;1;no;33155;6965;932062935
noorim;ADJ;O;1;no;10701;6965;932062935
seletama;VERB;O;1;no;79357;6965;932062935
külg;NOUN;O;1;no;147653;6965;932062935
tähtsus;NOUN;O;1;no;67791;6965;932062935
ulatuma;VERB;O;1;no;58103;6965;932062935
väljaspoole;ADV;O;1;no;682;6965;932062935
teistpidi;ADV;O;2;no;9532;6965;932062935
liikumine;NOUN;O;2;no;153521;6965;932062935
hundikarjas;NOUN;O;1;no;0;6965;932062935
valla;ADV;O;1;no;25321;6965;932062935
tegu;NOUN;O;1;no;296119;6965;932062935
isiklikult;ADV;O;1;no;55224;6965;932062935
homo;NOUN;O;1;no;9388;6965;932062935
käimine;NOUN;O;1;no;32693;6965;932062935
uurimine;NOUN;O;1;no;86613;6965;932062935
Einari;PROPN;O;1;no;0;6965;932062935
unistus;NOUN;O;1;no;68607;6965;932062935
kuhu;ADV;O;3;yes;274408;6965;932062935
probleem;NOUN;O;7;no;549960;6965;932062935
eri;ADJ;O;1;no;128187;6965;932062935
erihunt;NOUN;O;1;no;0;6965;932062935
vahepeal;ADV;O;2;yes;137006;6965;932062935
pisut;ADV;O;1;yes;140008;6965;932062935
piir;NOUN;O;2;no;207848;6965;932062935
liiga;ADV;O;6;yes;474419;6965;932062935
ööpäevane;ADJ;O;1;no;2932;6965;932062935
kuni;ADV;O;2;yes;831401;6965;932062935
35;NUM;O;1;no;0;6965;932062935
40;X;O;1;no;0;6965;932062935
50;X;O;1;no;0;6965;932062935
kilomeeter;NOUN;O;3;no;103296;6965;932062935
vajadus;NOUN;O;3;no;372963;6965;932062935
toituma;VERB;O;3;no;14391;6965;932062935
hinnaaeg;NOUN;O;1;no;0;6965;932062935
liikumisulatus;NOUN;O;1;no;311;6965;932062935
arvutus;NOUN;O;1;no;17189;6965;932062935
kohaselt;ADP;O;1;yes;204509;6965;932062935
järgi;ADV;O;1;yes;472793;6965;932062935
kassinurm;NOUN;O;1;no;73;6965;932062935
lõunaserv;NOUN;O;1;no;952;6965;932062935
poolt;ADV;O;2;yes;608317;6965;932062935
Viljandi;PROPN;O;2;no;112107;6965;932062935
maakond;NOUN;O;2;no;128421;6965;932062935
500;NUM;O;2;no;0;6965;932062935
kõikuma;VERB;O;1;no;14857;6965;932062935
piirnema;VERB;O;1;no;4504;6965;932062935
põhi;NOUN;O;1;no;119247;6965;932062935
Parika;PROPN;O;1;no;188;6965;932062935
puhas;ADJ;O;1;no;200947;6965;932062935
suurenema;VERB;O;1;no;78779;6965;932062935
veelgi;ADV;O;1;yes;149632;6965;932062935
naaberkari;NOUN;O;2;no;0;6965;932062935
tõmbama;VERB;O;2;no;194731;6965;932062935
vahele;ADV;O;2;yes;149134;6965;932062935
koomale;ADV;O;1;no;3152;6965;932062935
400;NUM;O;1;no;0;6965;932062935
ahaa;INTJ;O;1;yes;1948;6965;932062935
teema;NOUN;O;1;no;630317;6965;932062935
juures;ADV;O;2;yes;402814;6965;932062935
sõltuma;VERB;O;1;no;145077;6965;932062935
vahest;ADV;O;1;no;48283;6965;932062935
omavahel;ADV;O;3;yes;121151;6965;932062935
sõda;NOUN;O;3;no;113932;6965;932062935
hoidma;VERB;O;7;no;581451;6965;932062935
distants;NOUN;O;2;no;43217;6965;932062935
ääreala;NOUN;O;1;no;4300;6965;932062935
märgistama;VERB;O;1;no;5702;6965;932062935
ohtrasti;ADV;O;1;no;1068;6965;932062935
ordineeritud;ADJ;O;1;no;619;6965;932062935
parem;ADJ;O;2;no;620182;6965;932062935
kraabima;VERB;O;1;no;0;6965;932062935
vahel;ADV;O;3;yes;555453;6965;932062935
agressiivne;ADJ;O;2;no;16796;6965;932062935
ilmnema;VERB;O;1;no;41092;6965;932062935
üksteise;PRON;O;2;yes;108505;6965;932062935
puutuma;VERB;O;1;no;95634;6965;932062935
filmima;VERB;O;1;no;22387;6965;932062935
lennuk;NOUN;O;1;no;93521;6965;932062935
mängima;VERB;O;2;no;537718;6965;932062935
hoopis;ADV;O;1;yes;292576;6965;932062935
rada;NOUN;O;2;no;153168;6965;932062935
saar;NOUN;O;1;no;187426;6965;932062935
filmitud;ADJ;O;1;no;0;6965;932062935
pildistatud;ADJ;O;1;no;0;6965;932062935
sugulus;NOUN;O;1;no;2586;6965;932062935
korral;ADP;O;1;yes;346700;6965;932062935
veri;NOUN;O;2;no;66638;6965;932062935
niivõrd;ADV;O;3;yes;53689;6965;932062935
salliv;ADJ;O;1;no;1963;6965;932062935
suhtes;ADP;O;3;yes;247536;6965;932062935
suhteliselt;ADV;O;2;no;101296;6965;932062935
diplomaatiline;ADJ;O;1;no;11244;6965;932062935
diplomaatilisem;ADJ;O;1;no;93;6965;932062935
vaat;NOUN;O;1;yes;22487;6965;932062935
näitama;VERB;O;6;no;578982;6965;932062935
mõte;NOUN;O;8;no;596277;6965;932062935
jahimaa;NOUN;O;1;no;2051;6965;932062935
kahtlemata;ADV;O;1;no;42482;6965;932062935
vähemalt;ADV;O;5;yes;456892;6965;932062935
uluk;NOUN;O;2;no;4323;6965;932062935
säraline;ADJ;O;1;no;0;6965;932062935
põder;NOUN;O;2;no;11659;6965;932062935
metssiga;NOUN;O;1;no;9605;6965;932062935
metskits;NOUN;O;2;no;4156;6965;932062935
suutma;VERB;O;2;no;607518;6965;932062935
toitma;VERB;O;1;no;35432;6965;932062935
200;NUM;O;1;no;0;6965;932062935
kott;NOUN;O;1;no;96988;6965;932062935
täis;ADV;O;1;no;305641;6965;932062935
sõjaline;ADJ;O;1;no;31399;6965;932062935
arv;NOUN;O;2;no;293565;6965;932062935
vaos;NOUN;O;2;no;0;6965;932062935
sõraline;NOUN;O;1;no;854;6965;932062935
käsi;NOUN;O;3;no;694904;6965;932062935
kehvasti;ADV;O;1;no;8850;6965;932062935
määr;NOUN;O;1;no;112695;6965;932062935
uluksõraline;ADJ;O;1;no;63;6965;932062935
populatsioon;NOUN;O;1;no;8952;6965;932062935
kirjutama;VERB;O;6;no;789966;6965;932062935
uurimus;NOUN;O;1;no;30133;6965;932062935
männik;NOUN;O;1;no;3239;6965;932062935
seadlükon;NOUN;O;1;no;0;6965;932062935
kartulivagu;NOUN;O;1;no;366;6965;932062935
lahti;ADV;O;1;no;263519;6965;932062935
mõõdukas;ADJ;O;1;no;15328;6965;932062935
kogus;NOUN;O;1;no;134922;6965;932062935
rahul;ADV;O;1;no;111943;6965;932062935
omakorda;ADV;O;1;yes;92329;6965;932062935
aitama;VERB;O;1;no;740996;6965;932062935
toidulaut;NOUN;O;1;no;0;6965;932062935
katma;VERB;O;2;no;92532;6965;932062935
oles;NOUN;O;1;no;911;6965;932062935
röövlind;NOUN;O;1;no;1061;6965;932062935
siinsamas;ADV;O;2;no;9094;6965;932062935
Pedjalg;PROPN;O;1;no;0;6965;932062935
üksjagu;ADV;O;1;no;9852;6965;932062935
kotkas;NOUN;O;2;no;8618;6965;932062935
toidujäänus;NOUN;O;1;no;224;6965;932062935
järele;ADV;O;1;yes;148005;6965;932062935
kõht;NOUN;O;1;no;75721;6965;932062935
täitma;VERB;O;1;no;261751;6965;932062935
omapärane;ADJ;O;1;no;23864;6965;932062935
sümbioos;NOUN;O;1;no;3897;6965;932062935
koost;NOUN;O;1;no;3577;6965;932062935
ammu;ADV;O;2;no;101184;6965;932062935
sobima;VERB;O;1;no;496990;6965;932062935
tsitaat;NOUN;O;1;no;91555;6965;932062935
andma;VERB;O;6;no;1683851;6965;932062935
tekst;NOUN;O;1;no;179581;6965;932062935
kuulus;ADJ;O;1;no;53068;6965;932062935
Otto;PROPN;O;1;no;10130;6965;932062935
Wilhelm;PROPN;O;1;no;6712;6965;932062935
Masing;PROPN;O;2;no;8409;6965;932062935
pühapäev;NOUN;O;1;no;128715;6965;932062935
lugemine;NOUN;O;1;no;113136;6965;932062935
1818.;ADJ;O;2;no;0;6965;932062935
selline;ADJ;O;3;yes;1661084;6965;932062935
rikkuma;VERB;O;2;no;82274;6965;932062935
külm;ADJ;O;1;no;156041;6965;932062935
sõna;NOUN;O;2;no;862366;6965;932062935
mõnikord;ADV;O;1;yes;77080;6965;932062935
kahju;NOUN;O;1;no;145529;6965;932062935
vastama;NOUN;O;1;no;364411;6965;932062935
maksma;VERB;O;1;no;520682;6965;932062935
rohkesti;ADV;O;1;no;11582;6965;932062935
kiskja;NOUN;O;6;no;4978;6965;932062935
raiskama;VERB;O;1;no;22461;6965;932062935
keelama;VERB;O;1;no;111607;6965;932062935
murdmine;NOUN;O;5;no;4014;6965;932062935
liiga;NOUN;O;1;yes;474419;6965;932062935
metselade;NOUN;O;1;no;0;6965;932062935
sigimine;NOUN;O;1;no;1087;6965;932062935
kull;VERB;O;1;no;6200;6965;932062935
hunt;VERB;O;1;no;34635;6965;932062935
D;NOUN;O;1;yes;233917;6965;932062935
rebane;NOUN;O;1;no;14914;6965;932062935
jänes;NOUN;O;1;no;15219;6965;932062935
mahtuma;VERB;O;1;no;82500;6965;932062935
kiusama;VERB;O;2;no;11966;6965;932062935
keelma;VERB;O;1;no;10;6965;932062935
sündima;VERB;O;1;no;211876;6965;932062935
kasvama;VERB;O;1;no;318848;6965;932062935
kordama;VERB;O;1;no;53197;6965;932062935
veelkord;ADV;O;1;no;20891;6965;932062935
pastor;NOUN;O;1;no;13735;6965;932062935
sõit;NOUN;O;1;no;145046;6965;932062935
jätka;NOUN;O;1;no;30;6965;932062935
metsarada;NOUN;O;1;no;3081;6965;932062935
meesmets;NOUN;O;1;no;0;6965;932062935
oda;NOUN;O;1;no;3624;6965;932062935
tald;NOUN;O;1;no;12911;6965;932062935
teravdatud;ADJ;O;1;no;0;6965;932062935
hõlm;NOUN;O;1;no;5161;6965;932062935
all;ADP;O;1;yes;466968;6965;932062935
raadimees;NOUN;O;1;no;0;6965;932062935
turi;NOUN;O;1;no;5330;6965;932062935
vaid;ADV;O;2;yes;1233871;6965;932062935
toatäis;ADJ;O;1;no;277;6965;932062935
koor;NOUN;O;1;no;53209;6965;932062935
iseenese;PRON;O;1;yes;109997;6965;932062935
kolle;NOUN;O;1;no;10894;6965;932062935
kusi;NOUN;O;1;no;2290;6965;932062935
tare;NOUN;O;1;no;2327;6965;932062935
onn;NOUN;O;1;no;4635;6965;932062935
rulluma;VERB;O;1;no;3921;6965;932062935
koer;NOUN;O;7;no;178776;6965;932062935
pealinik;NOUN;O;1;no;29;6965;932062935
Laada;PROPN;O;1;no;366;6965;932062935
salajane;ADJ;O;1;no;17524;6965;932062935
teerada;NOUN;O;1;no;3256;6965;932062935
info;NOUN;O;1;no;316513;6965;932062935
turg;NOUN;O;1;no;193038;6965;932062935
lohisema;VERB;O;1;no;2018;6965;932062935
Tuisk;PROPN;O;1;no;4934;6965;932062935
pühine;ADJ;O;1;no;0;6965;932062935
vaistu;NOUN;O;1;no;0;6965;932062935
pöörduma;VERB;O;2;no;132658;6965;932062935
rinne;NOUN;O;1;no;11087;6965;932062935
mures;NOUN;O;1;no;173;6965;932062935
sait;NOUN;O;1;no;49906;6965;932062935
heit;NOUN;O;1;no;484;6965;932062935
lisä;NOUN;O;1;no;0;6965;932062935
koitus;NOUN;O;1;no;32;6965;932062935
kriiksatama;VERB;O;1;no;47;6965;932062935
seisma;VERB;O;1;no;266132;6965;932062935
ihu;ADJ;O;1;no;9985;6965;932062935
hüperkunstinahk;NOUN;O;1;no;0;6965;932062935
töö;NOUN;O;1;no;1225560;6965;932062935
sihtima;VERB;O;1;no;9258;6965;932062935
tuli;NOUN;O;1;yes;130774;6965;932062935
hulkuma;VERB;O;1;no;3763;6965;932062935
tasa;ADV;O;1;yes;12090;6965;932062935
uss;NOUN;O;1;no;8801;6965;932062935
pilv;NOUN;O;1;no;40390;6965;932062935
juurde;ADP;O;1;yes;555179;6965;932062935
pesema;VERB;O;1;no;87932;6965;932062935
meri;NOUN;O;1;no;131085;6965;932062935
voolama;VERB;O;1;no;31015;6965;932062935
jätkatkeroodo;NOUN;O;1;no;0;6965;932062935
mälestus;NOUN;O;1;no;65470;6965;932062935
teke;NOUN;O;1;no;39284;6965;932062935
kõlama;VERB;O;1;no;91397;6965;932062935
uhkelt;ADV;O;1;no;7091;6965;932062935
vaikne;ADJ;O;1;no;52400;6965;932062935
Jäbunny;PROPN;O;1;no;0;6965;932062935
tammur;NOUN;O;1;no;0;6965;932062935
korras;ADJ;O;1;no;7471;6965;932062935
kemps;NOUN;O;1;no;1388;6965;932062935
siit;ADV;O;1;yes;235682;6965;932062935
tihtipeale;ADV;O;3;no;31582;6965;932062935
saatuslik;ADJ;O;1;no;11896;6965;932062935
küttimine;NOUN;O;1;no;3706;6965;932062935
kehtestama;VERB;O;1;no;155809;6965;932062935
piirang;NOUN;O;1;no;119019;6965;932062935
hävitamine;NOUN;O;1;no;15482;6965;932062935
hõlbus;ADJ;O;1;no;5434;6965;932062935
kaitse;NOUN;O;1;no;185628;6965;932062935
advastama;VERB;O;1;no;0;6965;932062935
väljas;ADV;O;2;yes;98422;6965;932062935
usinasti;ADV;O;2;no;3461;6965;932062935
metskitsema;VERB;O;1;no;0;6965;932062935
aga;ADV;O;3;yes;4543343;6965;932062935
vähem;ADV;O;1;no;307272;6965;932062935
seoses;ADP;O;2;no;189458;6965;932062935
kultuurmaastik;NOUN;O;1;no;555;6965;932062935
puuduma;VERB;O;2;no;211797;6965;932062935
ega;CCONJ;O;2;yes;707621;6965;932062935
põld;NOUN;O;1;no;48509;6965;932062935
lind;NOUN;O;1;no;79022;6965;932062935
oht;NOUN;O;1;no;149166;6965;932062935
püss;NOUN;O;2;no;12674;6965;932062935
ette;ADP;O;1;yes;724550;6965;932062935
2001.;ADJ;O;1;no;0;6965;932062935
70;NUM;O;1;no;0;6965;932062935
protsent;NOUN;O;1;no;264740;6965;932062935
kiratsema;VERB;O;1;no;910;6965;932062935
valitsev;ADJ;O;1;no;32317;6965;932062935
elan;NOUN;O;1;no;30;6965;932062935
nadi;ADV;O;1;no;2758;6965;932062935
püsinud;ADJ;O;1;no;0;6965;932062935
koos;NOUN;O;1;yes;875375;6965;932062935
pea;NOUN;O;4;yes;490501;6965;932062935
grupiti;ADV;O;1;no;298;6965;932062935
karjastruktuur;NOUN;O;1;no;0;6965;932062935
kannatama;VERB;O;1;no;94432;6965;932062935
sisemine;ADJ;O;1;no;59622;6965;932062935
vastuolu;NOUN;O;1;no;39425;6965;932062935
saatma;VERB;O;6;no;381468;6965;932062935
list;NOUN;O;1;no;14351;6965;932062935
lint;NOUN;O;1;no;17557;6965;932062935
võtma;VERB;O;6;no;2139597;6965;932062935
Veljo;PROPN;O;1;no;5870;6965;932062935
Runnel;PROPN;O;1;no;3110;6965;932062935
keskekav;ADJ;O;1;no;0;6965;932062935
mainima;VERB;O;1;no;100863;6965;932062935
Laekvere;PROPN;O;5;no;980;6965;932062935
vähegi;ADV;O;1;no;30208;6965;932062935
leht;NOUN;O;2;no;283346;6965;932062935
loema;VERB;O;1;no;12;6965;932062935
hästi-hästi;ADV;O;1;no;419;6965;932062935
rohke;ADJ;O;1;no;21138;6965;932062935
pahategu;NOUN;O;1;no;1229;6965;932062935
lõpp;NOUN;O;2;no;547561;6965;932062935
sügis;NOUN;O;3;no;134065;6965;932062935
lagunema;VERB;O;1;no;19633;6965;932062935
värk;NOUN;O;1;no;46794;6965;932062935
kuidagi;ADV;O;2;yes;230399;6965;932062935
hukka;ADV;O;1;no;20645;6965;932062935
kuri;ADJ;O;4;no;50360;6965;932062935
paha;ADJ;O;1;no;56755;6965;932062935
murdma;VERB;O;10;no;58575;6965;932062935
lammas;NOUN;O;8;no;30852;6965;932062935
kandis;ADP;O;2;no;2224;6965;932062935
toimuma;VERB;O;4;no;894727;6965;932062935
poolteist;NUM;O;1;no;32572;6965;932062935
kummaline;ADJ;O;1;no;48939;6965;932062935
grupp;NOUN;O;1;no;143511;6965;932062935
anam;NOUN;O;1;no;19;6965;932062935
loomulik;ADJ;O;2;no;74844;6965;932062935
saak;NOUN;O;2;no;30837;6965;932062935
metski;NOUN;O;1;no;0;6965;932062935
sigu;NOUN;O;1;no;0;6965;932062935
kuid;CCONJ;O;3;yes;1732128;6965;932062935
eriline;ADJ;O;2;no;186814;6965;932062935
viha;NOUN;O;2;no;35012;6965;932062935
tunduma;AUX;O;1;no;476788;6965;932062935
kohalik;ADJ;O;1;no;383666;6965;932062935
küla;NOUN;O;3;no;269054;6965;932062935
meeletult;ADV;O;1;no;17716;6965;932062935
arvant;NOUN;O;1;no;0;6965;932062935
üksi;ADV;O;1;yes;85513;6965;932062935
põhjendatud;VERB;O;1;no;25979;6965;932062935
spetsialiseeruma;VERB;O;1;no;2608;6965;932062935
saakloom;NOUN;O;3;no;1323;6965;932062935
antud;ADJ;O;1;no;296495;6965;932062935
kohapeal;ADV;O;2;no;135759;6965;932062935
Peep;PROPN;O;1;no;13980;6965;932062935
Männil;PROPN;O;1;no;985;6965;932062935
vestlema;VERB;O;1;no;28533;6965;932062935
ümberkaudne;ADJ;O;1;no;4973;6965;932062935
üht-teist;ADV;O;1;no;16523;6965;932062935
selgus;NOUN;O;1;no;27807;6965;932062935
väärt;ADJ;O;2;yes;62820;6965;932062935
lähemalt;ADV;O;2;no;87022;6965;932062935
uurima;VERB;O;2;no;275215;6965;932062935
sõitma;VERB;O;1;no;521363;6965;932062935
uuesti;ADV;O;1;no;217699;6965;932062935
tagasi;ADV;O;1;yes;880780;6965;932062935
seis;NOUN;O;1;no;161925;6965;932062935
kohale;ADV;O;1;yes;127984;6965;932062935
autoriteetsem;ADJ;O;1;no;332;6965;932062935
nõu;NOUN;O;1;no;104206;6965;932062935
arvamus;NOUN;O;1;no;193465;6965;932062935
niisugune;DET;O;2;yes;62699;6965;932062935
siiski;ADV;O;2;yes;567011;6965;932062935
tava;NOUN;O;2;no;51197;6965;932062935
käitumine;NOUN;O;2;no;100562;6965;932062935
keskel;ADP;O;1;yes;73548;6965;932062935
jätkuma;VERB;O;2;no;142945;6965;932062935
koduloom;NOUN;O;2;no;7946;6965;932062935
seapõrsas;ADJ;O;1;no;155;6965;932062935
vasikas;NOUN;O;1;no;5965;6965;932062935
iganes;ADV;O;1;yes;41030;6965;932062935
ebaharilik;ADJ;O;1;no;2838;6965;932062935
fenomen;NOUN;O;1;no;9371;6965;932062935
ammendav;ADJ;O;1;no;2935;6965;932062935
lugu;NOUN;O;7;no;453200;6965;932062935
lõppema;VERB;O;3;no;160244;6965;932062935
seltskond;NOUN;O;1;no;79415;6965;932062935
hüvasti;ADV;O;1;yes;9468;6965;932062935
eriluba;NOUN;O;1;no;3245;6965;932062935
una;NOUN;O;1;no;337;6965;932062935
maas;ADV;O;1;no;27710;6965;932062935
Bism;PROPN;O;1;no;0;6965;932062935
ükskord;ADV;O;1;no;36829;6965;932062935
õudus;NOUN;O;1;no;13289;6965;932062935
õige;ADJ;O;3;no;397744;6965;932062935
nali;NOUN;O;1;no;85603;6965;932062935
kaduma;VERB;O;1;no;240644;6965;932062935
ligemale;ADV;O;1;no;8613;6965;932062935
50;NUM;O;1;no;0;6965;932062935
ilma;ADV;O;3;yes;447630;6965;932062935
koertyteldsemalt;ADV;O;1;no;0;6965;932062935
tõsine;ADJ;O;2;no;97663;6965;932062935
lambakari;NOUN;O;1;no;1481;6965;932062935
tikkuma;VERB;O;2;no;2500;6965;932062935
normaalne;ADJ;O;4;no;125424;6965;932062935
nähtus;NOUN;O;1;no;48333;6965;932062935
vabalt;ADV;O;1;no;74026;6965;932062935
niukne;ADJ;O;1;no;130;6965;932062935
kariloom;NOUN;O;1;no;2637;6965;932062935
ette;ADV;O;4;yes;724550;6965;932062935
varem;ADJ;O;2;no;344486;6965;932062935
midaki;PRON;O;1;no;0;6965;932062935
õpetama;VERB;O;2;no;128636;6965;932062935
järgnev;ADJ;O;1;no;125183;6965;932062935
minevik;NOUN;O;4;no;55211;6965;932062935
anded;NOUN;O;1;no;0;6965;932062935
soovitama;VERB;O;1;no;358457;6965;932062935
kariaed;NOUN;O;1;no;45;6965;932062935
karjuma;VERB;O;1;no;34440;6965;932062935
ümber;ADV;O;1;yes;295135;6965;932062935
Euroopa;PROPN;O;1;no;842639;6965;932062935
mujal;ADV;O;2;yes;80759;6965;932062935
inimmaailm;NOUN;O;1;no;195;6965;932062935
võrdlus;NOUN;O;1;no;44065;6965;932062935
vedama;VERB;O;1;no;120954;6965;932062935
kändema;VERB;O;1;no;0;6965;932062935
käip;NOUN;O;1;no;17;6965;932062935
lasketiir;NOUN;O;1;no;5492;6965;932062935
hundikutsika;NOUN;O;2;no;0;6965;932062935
jaoks;ADP;O;2;yes;839645;6965;932062935
lihtsam;ADJ;O;1;no;130031;6965;932062935
lambapea;NOUN;O;1;no;230;6965;932062935
pidev;ADJ;O;1;no;75209;6965;932062935
rumal;ADJ;O;2;no;33077;6965;932062935
lastama;VERB;O;1;no;0;6965;932062935
metsloom;NOUN;O;1;no;10058;6965;932062935
kallale;ADP;O;1;yes;19763;6965;932062935
toimu;ADJ;O;1;no;14;6965;932062935
tulevik;NOUN;O;4;no;229787;6965;932062935
sügiseti;ADV;O;1;no;1598;6965;932062935
oktoobrikuu;NOUN;O;1;no;5073;6965;932062935
20;X;O;1;no;0;6965;932062935
tavatu;ADJ;O;1;no;2951;6965;932062935
vanem;NOUN;O;3;no;334322;6965;932062935
kasvav;ADJ;O;1;no;37086;6965;932062935
Noor;PROPN;O;1;no;10850;6965;932062935
Jahimees;PROPN;O;1;no;1569;6965;932062935
ettevalmistamine;NOUN;O;1;no;25996;6965;932062935
esmane;ADJ;O;3;no;43252;6965;932062935
jahikool;NOUN;O;3;no;0;6965;932062935
praktika;NOUN;O;1;no;82366;6965;932062935
noor;NOUN;O;1;no;546822;6965;932062935
ilma;ADP;O;1;yes;447630;6965;932062935
saama;NOUN;O;2;yes;7285093;6965;932062935
küsi;NOUN;O;1;no;32;6965;932062935
vanematepoolne;ADJ;O;1;no;112;6965;932062935
jäänud;ADJ;O;1;no;718;6965;932062935
täiskasvanu;NOUN;O;1;no;86370;6965;932062935
tarbija;NOUN;O;1;no;74715;6965;932062935
võime;NOUN;O;1;yes;70435;6965;932062935
Nakonda;PROPN;O;1;no;0;6965;932062935
tabamine;NOUN;O;1;no;5170;6965;932062935
lambakasvataja;NOUN;O;1;no;1381;6965;932062935
talumees;NOUN;O;1;no;4120;6965;932062935
ööseks;ADV;O;1;no;9117;6965;932062935
tingimata;ADV;O;1;no;20624;6965;932062935
tõenäosus;NOUN;O;1;no;63300;6965;932062935
lausa;ADV;O;1;no;160462;6965;932062935
ees;ADP;O;2;yes;377493;6965;932062935
kaitsetum;ADJ;O;2;no;832;6965;932062935
samuti;ADV;O;1;yes;745991;6965;932062935
kits;NOUN;O;1;no;14685;6965;932062935
lehm;NOUN;O;1;no;25359;6965;932062935
hobune;NOUN;O;1;no;61494;6965;932062935
isegis;ADJ;O;1;no;0;6965;932062935
siga;NOUN;O;1;no;36844;6965;932062935
aktiivselt;ADV;O;1;no;45713;6965;932062935
rumalam;ADJ;O;1;no;2333;6965;932062935
üldsegi;ADV;O;1;no;10771;6965;932062935
ilus;ADJ;O;1;no;314556;6965;932062935
kolleeg;NOUN;O;1;no;72288;6965;932062935
kiruma;VERB;O;1;no;10195;6965;932062935
tunduma;VERB;O;3;no;476788;6965;932062935
ajakirjanik;NOUN;O;1;no;89924;6965;932062935
vint;NOUN;O;1;no;5090;6965;932062935
Olav;PROPN;O;1;no;8764;6965;932062935
tunnistama;VERB;O;2;no;199326;6965;932062935
maalitud;ADJ;O;1;no;6454;6965;932062935
muinasjutt;NOUN;O;1;no;23133;6965;932062935
omadus;NOUN;O;1;no;109252;6965;932062935
ajakirjandus;NOUN;O;4;no;46678;6965;932062935
miskipärast;ADV;O;1;no;17526;6965;932062935
populaarne;ADJ;O;1;no;84055;6965;932062935
mulje;NOUN;O;2;no;101650;6965;932062935
enneolematult;ADV;O;1;no;2507;6965;932062935
igasugune;DET;O;2;yes;145235;6965;932062935
koerustükk;NOUN;O;1;no;302;6965;932062935
isema;VERB;O;1;no;0;6965;932062935
erakordne;ADJ;O;2;no;27975;6965;932062935
anne;NOUN;O;1;no;18854;6965;932062935
võima;VERB;O;1;yes;3045900;6965;932062935
pigem;ADV;O;1;yes;327626;6965;932062935
huvi;NOUN;O;2;no;327194;6965;932062935
ajakiri;NOUN;O;1;no;74856;6965;932062935
hirmus;ADV;O;1;no;35092;6965;932062935
raadiokanal;NOUN;O;1;no;984;6965;932062935
kõigest;ADV;O;1;yes;47439;6965;932062935
võimendama;VERB;O;1;no;13418;6965;932062935
kõvasti;ADV;O;1;no;78015;6965;932062935
vaht;NOUN;O;1;no;24133;6965;932062935
lööma;VERB;O;1;no;276199;6965;932062935
sealsamas;ADV;O;2;no;11062;6965;932062935
justkui;SCONJ;O;1;yes;117450;6965;932062935
ründama;VERB;O;2;no;45326;6965;932062935
tütar;NOUN;O;6;no;104042;6965;932062935
pilk;NOUN;O;1;no;104054;6965;932062935
ründamine;NOUN;O;1;no;6250;6965;932062935
ajakirjanduslik;ADJ;O;1;no;3393;6965;932062935
hirm;NOUN;O;4;no;107486;6965;932062935
variant;NOUN;O;1;no;135157;6965;932062935
seesama;DET;O;1;yes;50200;6965;932062935
rumal;NOUN;O;1;no;33077;6965;932062935
koerakutsikas;ADJ;O;1;no;489;6965;932062935
kartma;VERB;O;3;no;147084;6965;932062935
absoluutselt;ADV;O;1;no;42577;6965;932062935
kavatsus;NOUN;O;2;no;20409;6965;932062935
sihipärane;ADJ;O;1;no;4895;6965;932062935
koerustük;NOUN;O;1;no;0;6965;932062935
säär;NOUN;O;2;no;12832;6965;932062935
hullemalt;ADV;O;1;no;179;6965;932062935
plaan;NOUN;O;1;no;296908;6965;932062935
jumal;NOUN;O;3;no;91929;6965;932062935
õhtueine;NOUN;O;1;no;421;6965;932062935
valmistama;VERB;O;1;no;152592;6965;932062935
proua;NOUN;O;1;no;32613;6965;932062935
vihmavari;NOUN;O;2;no;5867;6965;932062935
võsavillem;NOUN;O;1;no;441;6965;932062935
eemale;ADV;O;1;no;56931;6965;932062935
tõrjuma;VERB;O;1;no;22342;6965;932062935
iroonia;NOUN;O;1;no;8226;6965;932062935
kohatu;ADJ;O;1;no;6106;6965;932062935
kujutama;VERB;O;1;no;141206;6965;932062935
pabin;NOUN;O;1;no;770;6965;932062935
paanika;NOUN;O;2;no;20746;6965;932062935
situatsioon;NOUN;O;3;no;31909;6965;932062935
naljakas;ADJ;O;1;no;47995;6965;932062935
jalg;NOUN;O;1;no;240981;6965;932062935
kõndiv;ADJ;O;1;no;1707;6965;932062935
valents;NOUN;O;1;no;203;6965;932062935
igipõline;ADJ;O;1;no;1525;6965;932062935
moi;NOUN;O;1;no;689;6965;932062935
voor;NOUN;O;1;no;66444;6965;932062935
üldtuntud;VERB;O;2;no;1894;6965;932062935
täna;ADV;O;1;no;614088;6965;932062935
teatama;VERB;O;1;no;302888;6965;932062935
esivanem;NOUN;O;1;no;16430;6965;932062935
kurivaim;NOUN;O;1;no;887;6965;932062935
vanapagan;NOUN;O;1;no;1838;6965;932062935
kodukäija;NOUN;O;1;no;1260;6965;932062935
positiivne;ADJ;O;1;no;176508;6965;932062935
tegelane;NOUN;O;1;no;109463;6965;932062935
mussent;NOUN;O;1;no;0;6965;932062935
vaim;NOUN;O;2;no;69666;6965;932062935
seek;NOUN;O;1;no;405;6965;932062935
saatma;ADJ;O;1;no;381468;6965;932062935
too;DET;O;2;yes;163922;6965;932062935
Silved;PROPN;O;1;no;0;6965;932062935
kuueaastane;ADJ;O;1;no;3436;6965;932062935
vanakuri;NOUN;O;1;no;395;6965;932062935
umbes;ADV;O;3;yes;373181;6965;932062935
pikkune;ADJ;O;1;no;55631;6965;932062935
tee;NOUN;O;1;yes;634224;6965;932062935
Sylviad;PROPN;O;1;no;0;6965;932062935
Silva;PROPN;O;1;no;4730;6965;932062935
selg;NOUN;O;3;no;164973;6965;932062935
tagant;ADP;O;2;yes;87922;6965;932062935
vasakult;ADV;O;1;no;9249;6965;932062935
maantee;NOUN;O;1;no;78322;6965;932062935
paremale;ADV;O;1;no;15176;6965;932062935
loomakõrgus;NOUN;O;1;no;0;6965;932062935
kõrgus;NOUN;O;1;no;97315;6965;932062935
taga;ADP;O;2;yes;249035;6965;932062935
taha;ADP;O;2;yes;99739;6965;932062935
basiia;NOUN;O;1;no;0;6965;932062935
vöökoht;NOUN;O;1;no;3369;6965;932062935
käpp;NOUN;O;2;no;15558;6965;932062935
pan;NOUN;O;1;no;2111;6965;932062935
puudutama;VERB;O;1;no;117116;6965;932062935
nina;NOUN;O;1;no;61962;6965;932062935
tõenäoliselt;ADV;O;1;no;119865;6965;932062935
koos;ADP;O;1;yes;875375;6965;932062935
käiv;ADJ;O;1;no;17780;6965;932062935
16.;ADJ;O;1;no;0;6965;932062935
august;NOUN;O;1;no;172583;6965;932062935
neli;NUM;O;1;no;337422;6965;932062935
kuu;NOUN;O;1;no;540164;6965;932062935
vanem;ADJ;O;2;no;334322;6965;932062935
natukene;NOUN;O;1;no;65888;6965;932062935
olenevalt;ADV;O;1;no;30396;6965;932062935
emahundikutsika;NOUN;O;1;no;0;6965;932062935
uudishimulik;ADJ;O;2;no;9045;6965;932062935
õdedest-vend;NOUN;O;1;no;117;6965;932062935
julgem;ADJ;O;1;no;9424;6965;932062935
aktiivsem;ADJ;O;1;no;14033;6965;932062935
uudistama;VERB;O;1;no;16237;6965;932062935
kõrval;ADP;O;1;yes;166126;6965;932062935
Silvi;PROPN;O;1;no;2845;6965;932062935
vihm;NOUN;O;1;no;67674;6965;932062935
varg;NOUN;O;1;no;34;6965;932062935
torkama;VERB;O;1;no;19113;6965;932062935
too;PRON;O;1;yes;163922;6965;932062935
kuhugi;ADV;O;1;yes;62057;6965;932062935
sang;NOUN;O;1;no;6932;6965;932062935
murduma;VERB;O;1;no;15400;6965;932062935
piss;NOUN;O;1;no;3808;6965;932062935
hirmus;ADJ;O;1;no;35092;6965;932062935
jooksma;VERB;O;1;no;188440;6965;932062935
kägu;NOUN;O;1;no;2876;6965;932062935
talu;NOUN;O;3;no;89188;6965;932062935
lähedal;ADV;O;1;yes;113374;6965;932062935
vari;ADV;O;1;no;42128;6965;932062935
jälitama;VERB;O;6;no;7620;6965;932062935
orienteeruma;VERB;O;1;no;8564;6965;932062935
kohkuma;VERB;O;1;no;2005;6965;932062935
aken;NOUN;O;2;no;143654;6965;932062935
vastu;ADP;O;1;yes;1054024;6965;932062935
tagune;ADJ;O;1;no;21580;6965;932062935
laskma;VERB;O;1;no;478673;6965;932062935
kallale;ADV;O;2;yes;19763;6965;932062935
Kägu;PROPN;O;1;no;3118;6965;932062935
noorperemees;NOUN;O;1;no;325;6965;932062935
pärast;ADV;O;1;yes;1109488;6965;932062935
hoid;NOUN;O;1;no;10147;6965;932062935
värav;NOUN;O;1;no;174454;6965;932062935
hiilgama;VERB;O;1;no;4399;6965;932062935
Silvia;PROPN;O;1;no;5835;6965;932062935
Ilves;PROPN;O;1;no;32170;6965;932062935
ku;NOUN;O;1;no;5492;6965;932062935
kiskema;VERB;O;1;no;0;6965;932062935
esile;ADV;O;1;no;95639;6965;932062935
refleks;NOUN;O;2;no;2024;6965;932062935
hiilima;VERB;O;1;no;11813;6965;932062935
vajalik;ADJ;O;1;no;414357;6965;932062935
kaugus;NOUN;O;2;no;73499;6965;932062935
põgenema;VERB;O;2;no;38038;6965;932062935
kisk;NOUN;O;2;no;903;6965;932062935
maan;NOUN;O;1;no;442;6965;932062935
seekord;ADV;O;1;yes;141461;6965;932062935
seletus;NOUN;O;1;no;19785;6965;932062935
pikk;ADJ;O;1;no;395543;6965;932062935
põhjalik;ADJ;O;1;no;50775;6965;932062935
loogika;NOUN;O;1;no;29747;6965;932062935
selge;ADJ;O;1;no;277414;6965;932062935
enam-vähem;ADV;O;1;no;34786;6965;932062935
taoline;DET;O;1;yes;62692;6965;932062935
käituma;VERB;O;1;no;75508;6965;932062935
järel;ADV;O;1;yes;176213;6965;932062935
kõndima;VERB;O;1;no;62968;6965;932062935
jalutama;VERB;O;1;no;67544;6965;932062935
Kolgaste;PROPN;O;1;no;0;6965;932062935
taoline;ADJ;O;2;yes;62692;6965;932062935
mööda;ADP;O;2;yes;208450;6965;932062935
jälg;NOUN;O;2;no;56651;6965;932062935
järgmine;ADJ;O;1;yes;661747;6965;932062935
iialgi;ADV;O;1;yes;10714;6965;932062935
öösel;ADV;O;2;no;80817;6965;932062935
sündmus;NOUN;O;2;no;155489;6965;932062935
ise;ADV;O;1;yes;3509459;6965;932062935
pakkuma;VERB;O;1;no;862364;6965;932062935
natuke;ADV;O;2;no;311211;6965;932062935
kade;ADJ;O;1;no;11830;6965;932062935
lähestikku;ADV;O;1;no;3030;6965;932062935
otseselt;ADV;O;1;no;66125;6965;932062935
mõistlik;ADJ;O;1;no;102775;6965;932062935
tulemus;NOUN;O;1;no;581795;6965;932062935
arg;ADJ;O;1;no;8867;6965;932062935
varmas;NOUN;O;1;no;1415;6965;932062935
kahejalgne;ADJ;O;1;no;1071;6965;932062935
kohtuma;VERB;O;1;no;156435;6965;932062935
erakorraline;ADJ;O;1;no;30574;6965;932062935
juhtum;NOUN;O;2;no;113474;6965;932062935
jälgividi;NOUN;O;1;no;0;6965;932062935
GPS;PROPN;O;1;no;13538;6965;932062935
rida;NOUN;O;1;no;138067;6965;932062935
kaardistanud;ADJ;O;1;no;0;6965;932062935
900;NUM;O;1;no;0;6965;932062935
öine;ADJ;O;1;no;23170;6965;932062935
käik;NOUN;O;1;no;83196;6965;932062935
silmitsi;ADV;O;1;no;19289;6965;932062935
tegemine;NOUN;O;1;no;590180;6965;932062935
mõrudot;NOUN;O;1;no;0;6965;932062935
rahulikult;ADV;O;1;no;54809;6965;932062935
paigale;NOUN;O;1;yes;4057;6965;932062935
kindlam;ADJ;O;1;no;14689;6965;932062935
garantii;NOUN;O;1;no;41994;6965;932062935
teiseks;ADV;O;1;yes;35853;6965;932062935
tohtima;AUX;O;1;no;277697;6965;932062935
nelima;VERB;O;1;no;0;6965;932062935
vendama;VERB;O;1;no;0;6965;932062935
pikalt;ADV;O;1;no;79312;6965;932062935
raamatukaant;NOUN;O;1;no;0;6965;932062935
tõepoolest;ADV;O;1;no;73132;6965;932062935
banaan;NOUN;O;1;no;17151;6965;932062935
aimama;VERB;O;1;no;17987;6965;932062935
marutõbine;ADJ;O;1;no;342;6965;932062935
inimsööja;NOUN;O;1;no;648;6965;932062935
sugugi;ADV;O;2;no;54329;6965;932062935
andmed;NOUN;O;2;no;385293;6965;932062935
18.;ADJ;O;1;no;0;6965;932062935
sajand;NOUN;O;2;no;175259;6965;932062935
alates;ADP;O;1;yes;308107;6965;932062935
kirikukroonika;NOUN;O;1;no;82;6965;932062935
näol;ADP;O;1;no;51198;6965;932062935
Kambja;PROPN;O;1;no;17721;6965;932062935
kihelkond;NOUN;O;2;no;22539;6965;932062935
19.-st;ADJ;O;1;no;0;6965;932062935
dokumentaalselt;ADV;O;1;no;482;6965;932062935
tõestama;VERB;O;1;no;74389;6965;932062935
inimsöömine;NOUN;O;1;no;120;6965;932062935
pind;NOUN;O;1;no;150294;6965;932062935
üheksas;ADJ;O;1;no;14333;6965;932062935
1873.;ADJ;O;1;no;0;6965;932062935
Iisaku;PROPN;O;1;no;4868;6965;932062935
täri;NOUN;O;1;no;0;6965;932062935
aastane;ADJ;O;1;no;91693;6965;932062935
vene;ADJ;O;1;no;150528;6965;932062935
õigeusk;NOUN;O;1;no;13882;6965;932062935
kuuluv;ADJ;O;1;no;106508;6965;932062935
poiss;NOUN;O;1;no;215623;6965;932062935
Timofei;PROPN;O;1;no;345;6965;932062935
Lontov;PROPN;O;1;no;0;6965;932062935
jäänus;NOUN;O;1;no;5365;6965;932062935
murdmiskoht;NOUN;O;1;no;0;6965;932062935
kolm;NUM;O;1;no;673341;6965;932062935
versta;NOUN;O;1;no;0;6965;932062935
tubli;ADJ;O;1;no;93283;6965;932062935
130;NUM;O;1;no;0;6965;932062935
rahvapärimus;NOUN;O;1;no;2381;6965;932062935
ajaleht;NOUN;O;1;no;74594;6965;932062935
esinema;VERB;O;1;no;186435;6965;932062935
kimbutama;VERB;O;1;no;7816;6965;932062935
tõde;NOUN;O;1;no;90866;6965;932062935
rahvas;NOUN;O;1;no;291924;6965;932062935
hulgas;ADP;O;1;yes;147346;6965;932062935
üles;ADV;O;1;yes;452851;6965;932062935
missugune;ADJ;O;1;yes;32839;6965;932062935
nägu;NOUN;O;2;no;203254;6965;932062935
täitsa;ADV;O;1;no;121392;6965;932062935
tavapärane;ADJ;O;1;no;81236;6965;932062935
elukas;NOUN;O;2;no;9494;6965;932062935
sihima;VERB;O;1;no;0;6965;932062935
vast;ADV;O;2;no;70936;6965;932062935
parem;ADV;O;1;no;620182;6965;932062935
noormees;NOUN;O;1;no;71565;6965;932062935
alles;ADV;O;1;yes;354000;6965;932062935
uurimisobjekt;NOUN;O;1;no;1522;6965;932062935
muutma;VERB;O;3;no;493755;6965;932062935
käigetma;VERB;O;1;no;0;6965;932062935
hing;NOUN;O;1;no;125012;6965;932062935
ihaldama;VERB;O;1;no;4915;6965;932062935
hiir;NOUN;O;1;no;28414;6965;932062935
kõne;NOUN;O;1;no;98605;6965;932062935
kära;NOUN;O;1;no;5050;6965;932062935
dialoog;NOUN;O;1;no;35456;6965;932062935
hüüdma;VERB;O;2;no;24290;6965;932062935
Hiiumaa;PROPN;O;1;no;77209;6965;932062935
Cole;PROPN;O;1;no;1964;6965;932062935
sõber;NOUN;O;1;no;328431;6965;932062935
välitö;NOUN;O;1;no;0;6965;932062935
hirvepull;NOUN;O;1;no;249;6965;932062935
kontakteeruma;VERB;O;1;no;5438;6965;932062935
mõõdvall;NOUN;O;1;no;0;6965;932062935
moodi;ADP;O;1;no;37771;6965;932062935
Hund;PROPN;O;1;no;825;6965;932062935
kontakt;NOUN;O;1;no;90315;6965;932062935
loomine;NOUN;O;1;no;177058;6965;932062935
tunduvalt;ADV;O;1;no;49794;6965;932062935
erakordsem;ADJ;O;1;no;371;6965;932062935
segane;ADJ;O;1;no;29407;6965;932062935
sus;NOUN;O;1;yes;12;6965;932062935
peituma;VERB;O;1;no;32016;6965;932062935
vadis;NOUN;O;1;no;0;6965;932062935
huvitavam;ADJ;O;1;no;26275;6965;932062935
looduselamus;NOUN;O;1;no;272;6965;932062935
vihtama;VERB;O;1;no;0;6965;932062935
tapma;VERB;O;1;no;74950;6965;932062935
otsene;ADJ;O;1;no;69710;6965;932062935
hävitama;VERB;O;1;no;43634;6965;932062935
möödas;ADV;O;1;no;29396;6965;932062935
Row;PROPN;O;1;no;522;6965;932062935
verejanuline;ADJ;O;1;no;954;6965;932062935
värvikas;ADJ;O;1;no;11879;6965;932062935
kinnitus;NOUN;O;1;no;87342;6965;932062935
Venemaa;PROPN;O;1;no;293403;6965;932062935
tunnustatud;ADJ;O;1;no;30521;6965;932062935
Mihhail;PROPN;O;1;no;16246;6965;932062935
Pavlov;PROPN;O;1;no;1176;6965;932062935
lause;NOUN;O;1;no;74030;6965;932062935
kirjutis;NOUN;O;1;no;20938;6965;932062935
märkima;VERB;O;1;no;271560;6965;932062935
tunnetamine;NOUN;O;2;no;3756;6965;932062935
vapustav;ADJ;O;1;no;6980;6965;932062935
kõnelema;VERB;O;1;no;55963;6965;932062935
Kübarsepp;PROPN;O;1;no;1221;6965;932062935
Toomas;PROPN;O;1;no;60215;6965;932062935
Irjaada;PROPN;O;1;no;0;6965;932062935
