EstBERT;est-roberta;LaBSE;bertMulti;distilbertMulti;MiniLM_multi;MiniLM-L12_multi;multi_e5;xml_roberta
andrea falconieria beation;sage külaline barokkmuusikafestivalil;tänavuse barokkmuusikafestivali kontserdid;barokkmuusikafestivali omapäraks siinjuures;null viis saade;õhtul andis barokkmuusikafestivali;viies veebruar barokkmuusikafestivali;klassikaraadiost kuulata 23;kontserti käis kuulamas
king singers new;vokaalgruppidele king singers;viimane kontsert klassikaraadio;1529 nooremat kavas;üheksa null viis;kuulajad algamas viienda;viimane kontsert klassikaraadio;klassikaraadio salvestas kontserdi;joni mitchell võib-olla
jaanuaril toimus estonia;kammerkoor hortus musicus;kuulame helinäitajaid kontserdilt;23 veebruari õhtul;ongi keeruline subjektiivne;tutvust artip dirigent;head klassikaraadio kuulajad;natalja gutmanist klassikaraadio;esitusega väga-väga põnev
frido lin aasta;raames keskendus avakontserdil;nädalal kaks vokaalmuusikaõhtut;2010 aasta laulutaadi;subjektiivne arvamusavaldus konkreetselt;sümfooniast osa hästi;koorifestivalil esikoht parima;kalkuni autorilooming klassikaraadio;valikul võib-olla sageli
tihtipeale kiputakse jon;steriilse muuseumieksponaadi hõngu;euroraadio kontserdisarjas märtsikuus;ljotsid werner matsket;kuulata näiteks anna;head klassikaraadio kuulajad;seitsmendast sümfooniast osa;euroraadio kontserdisarjas märtsikuus;19 estonia kontserdisaalis
gutmann tuntud maailma;koolitusprogrammi eestis 15-le;huvitav kontsert ireeni;mari kalkuniansambel mari;preiefory jeruusalemm tore;euroraadio kontserdisarjas märtsikuus;kontsert koolitusprogrammi eestis;sarjas muusikalinn tallinn;võib-olla sageli esinejad
tardus hämaras koer;professionaalsel tasemel täna;kontserdi toimus neljapäeva;sega koorilt juga;seid elemente väike;viimane kontsert algab;poisid muusikat bachist;renessansiajast popmuusikani kontserdi;väga-väga põnev teisipäeva
muusa esinesid eesti;instrumentaalnumbrite vaheldumises aitasin;veebruaris heligaja tänases;2010 aastal grand;no tore toomast;itaalia muusikat kaczyini;kaks vokaalmuusikaõhtut saksa;tüüpilised barokkmuusikamängijad kaasaegsete;jaanuaril toimus estonia
kitsale alale nõudmised;lisab tartu kultuuriellu;tänase heliga teemad;julian kaczyini saatis;saatmine numbri passi;eesti solist heili;valdavalt eestini folkmuusika;õhtul toimub barokkmuusikafestivali;viimane kontsert toimub
teistmoodi braseeringut teistmoodi;kontserdist kõneles immo;võib-olla õppen barokk;testi mängida parem;saadab autol mõlemit;klassikaraadio stuudios liitunud;muusikutele maailma kontserdisaalides;mihkelson kuulame helinäitajaid;ingrid kõrvitsa juhatusel
