keyphrase;score
kontserdihooaeija eesti;0.7905
eesti kontserdihooaeija;0.787
eesti kontsert;0.7771
kontsert eesti;0.7728
kontsert estonia;0.7717
kontserdisaal eesti;0.77
estonia kontserdisaal;0.7668
sümfooniaorkester eesti;0.7614
eesti kontserdisaal;0.7597
eesti kontserdipaik;0.7588
eesti helilooja;0.7502
muusik eesti;0.736
baltimaa kontsert;0.7234
esinema eesti;0.7115
dirigeerima eesti;0.7047
muusika eesti;0.7013
kuulama klassikaraadio;0.692
hääl estonia;0.6885
kontsert klassikaraadio;0.6884
koor eesti;0.6871
akustika eesti;0.6746
kõlama eesti;0.6712
klassikaraadio kuulama;0.6708
klassikaline muusikasaal;0.6695
sümfooniaorkester pianishima;0.6695
helsinki-music avakontsert;0.6694
sümfooniaorkester helsingi;0.6691
sümfooniaorkester ooper;0.6679
kontserdimaja rootsi;0.667
hooaeg eesti;0.6667
etalon eesti;0.6661
eesti publik;0.6649
tunduma eesti;0.6622
ütlema sümfooniaorkester;0.6609
aasta eesti;0.6591
sümfooniaorkester marju;0.6591
helsinki muusik;0.6528
sümfooniaorkester tänglbuut;0.6521
boston sümfooniaorkester;0.6507
jourdioonine sümfooniline;0.6503
kontsert orkester;0.6475
ülevaade eesti;0.6471
aeg eesti;0.6467
sümfooniaorkester esitlema;0.6466
sümfooniaorkester tõnu;0.6456
stockholm kontserdimaja;0.6445
sümfooniaorkester sibelius;0.6444
orkestrimuusikanäitaja tšul;0.6435
kõnelema klassikaraadio;0.6412
muusik ukraina;0.64
leedu muusika;0.6397
teos eesti;0.639
sümfoonia esinema;0.6387
andma eesti;0.6381
helsingi linnaorkester;0.6379
baltimaa muusik;0.6373
ooperifestival heliseade;0.636
maailmaorkester kontserdisaal;0.6343
kontsert euroopa;0.6305
toimunud eesti;0.6295
sümfoonia mängima;0.6268
reede eesti;0.6256
riiklik sümfooniaorkester;0.6255
ooperimaja solist;0.6244
kontserdisaal euroopa;0.624
eesti ajalugu;0.6236
kontserdisaal klassikaline;0.6233
sümfooniaorkester harjutussaal;0.6224
orkester kontsert;0.6221
tuntum orkestrimuusikanäitaja;0.6209
solist orkester;0.6199
klassikaline muusika;0.6197
kohalviibimine rootsi;0.6192
kolmas sümfoonia;0.6161
orkester publik;0.6131
sümfooniaorkester nädal;0.6127
eesti rahvusmeeskoor;0.6119
filharmoonia orkester;0.6112
muusik dirigeerima;0.6111
raadio sümfooniaorkester;0.6109
avakontsert klassikaraadio;0.6108
eesti tingimus;0.6107
orkester kodusaal;0.6086
orkester esinemine;0.6083
kiitma estonia;0.6068
kontserdisaal dirigent;0.6064
kuulma kontserdisaal;0.6061
eesti seotud;0.6061
sümfooniaorkester tundma;0.6054
aasta orkester;0.6053
tutvustama rootsi;0.605
linnaorkester soome;0.6039
kontsert üldmulje;0.6036
orkester inimhääl;0.6036
baltimaa kuulma;0.6035
kontsert lisaloona;0.6035
kontsert toimuma;0.6024
eesti rahvuslane;0.6018
debüüt ooperilava;0.6018
sümfooniaorkester kodu;0.6016
orkester tervik;0.6014
ooper oskama;0.5999
avatud helsinki;0.5995
opereerima orkester;0.5994
käima klassikaraadio;0.599
põhiline sümfooniaorkester;0.5984
orkester muusik;0.5981
kontsert kuulama;0.5978
eesti riiklik;0.5971
eesti instituut;0.5961
orkester laulja;0.5955
orkester hääl;0.5941
neljas sümfoonia;0.5931
august stockholm;0.5925
hääl orkester;0.592
salonen orkestrimuusika;0.5917
saal ooper;0.5916
esitama finlandia;0.5912
helsingi musike;0.5903
ooperimuusika kammersaal;0.5895
leedu klassikaline;0.5891
avama finlandia;0.589
orkester harjutussaal;0.5889
orkester dirigent;0.5884
segakoor orkester;0.5884
ooperifestivalipaik omavaheline;0.588
kontsertmeister plaksutama;0.5879
näitama orkester;0.587
nägema orkester;0.5867
orkester saal;0.5866
orkester teos;0.5852
rääkima helsinki;0.5849
tervik orkester;0.5843
õhtu helilooja;0.5838
otse orkestrant;0.5835
muusikasaal esimene;0.5832
orkester paavo;0.583
kuulama kontsert;0.5825
ooper esiettekanne;0.5824
kaar kontsert;0.5821
vele orkester;0.5821
muusik saal;0.582
muusika kontsert;0.5818
vokaalia ooperimuusika;0.5817
orkester andma;0.5808
kontsertsaal vastama;0.5805
solist ansambel;0.5802
nägema maailmaorkester;0.5801
ooperilava toimuma;0.5798
eeldama orkester;0.5792
orkestriteos tõstma;0.5789
kontsert hooaeg;0.5777
tõepoolest estonia;0.5777
euroopa koor;0.5776
muusikasündmus läbiviimine;0.5775
üheksas sümfoonia;0.5774
kontsert kava;0.576
kontserdisaal akustik;0.5754
kontsert kõlav;0.5749
kolm ooperifestivalipaik;0.5746
arvestus kontserdisaal;0.5746
kontsert muusik;0.5724
kontsert esinema;0.5717
teder helsinki-music;0.5716
natukene eesti;0.5712
mängima orkester;0.5704
kontserdisaal projekt;0.5698
kontsert korraldama;0.5696
kontserdimaja vanemuine;0.5692
orkestrimuusika kategooria;0.5692
kooma ooperimuusika;0.5658
muusikaelu keskus;0.5644
publik musike;0.5626
meel rahvusorkester;0.5617
muusikael kõneleja;0.5613
panema orkester;0.5613
klassikaraadio akustika;0.5601
eesti läti;0.5599
solist salvador;0.5587
osalema läti;0.5581
ärkama baltimaa;0.5555
kontserdipaik rääkima;0.555
kontserdimaja strandwegen;0.5527
september kontsert;0.5519
saaremaa ooperifestival;0.5516
suurepäraselt mürafoon;0.5474
vaikus kontsertmeister;0.5465
balti riik;0.5452
kuulutatud baltikum;0.5452
aprill muusikamaailm;0.5451
kreeka amfiteater;0.5432
helikandja kaasaegne;0.5419
pariis orkester;0.5408
eesti parim;0.5399
konsool organist;0.5396
helsinki moziiki;0.5323
sümfoonia festival;0.5268
dirigent paavo;0.5268
koor toredam;0.5236
klassikaraadio toimetaja;0.5089
