EstBERT;est-roberta;LaBSE;bertMulti;distilbertMulti;MiniLM_multi;MiniLM-L12_multi;multi_e5;xml_roberta
;muusika;albumileht;kuidagiviisi;;luulealbum;luulealbum;luulealbum;mõtteliselt
Altimprovisatsioon;lõbu;muusika;võrdlema;ideaal;luuletaja;luuletaja;antoloogiana;kujundama
võimalik;testament;inimene;üheskoos;hull;luule;album;luuletaja;mäletatavasti
rohulibl;antoloogia;küla;Paul-Eerik;testament;antoloogiana;luuleteos;albumileht;eesti
üheskoos;aasta;raamatukogu;trükitäht;summa;kujutlema;kirjandusteadlane;rahvaluule;viis
Sideluule;kuidagimoodi;lugeja;tänapäevasem;tipp;loomingutee;mõttemõlgutus;mururaamat;võib-olla
noodikiri;härra;alustama;tegemine;originaal;lugema;loomingutee;Laulasmaa;võimalik
tõlgendus;lill;kuulma;mustmiljoniline;andma;väljaanne;raamat;kuidagimoodi;lugeja
tänapäevasem;osa;hääl;selgesti;tall;saamislugu;unustus;loomingutee;vajalik
Alpume;mõtisklema;laulutoru;aiaäärne;vorm;kirjutama;kirjutama;lauluvihik;tekst
