keyphrase;score
Sest kahearstina kõrgune;0.9657
nähes Laps hobusest;0.9643
pildi vana Moilisusest;0.9623
Rootsist konter Pandi;0.9613
maalinud Ma tellingutele;0.9603
20 aastane sõprusta;0.9598
Iial leidnud piirivalve;0.9594
Ungari näitemängu lugenud;0.9591
Kas sõnad üliväga;0.9591
Esiteks mõisahärra võrdlemisi;0.9584
saksa haridust anda;0.9583
gene idealiseeritud Siin;0.9581
hobune lõhkuma ajas;0.9575
Esimesel ehmatasin hommikul;0.957
austria asjadesse appine;0.9566
keelega hullemini tummad;0.9566
peategelaseks Lutsifer Lutsiferi;0.9566
kõhtu Stseeni kumendab;0.9566
suurem kohus rääkida;0.9565
ronisin tellingutelt põrandale;0.9563
Teiseks säärdusel peamine;0.9562
aususe seisukohalt Niisiis;0.956
siinmail iiales nähtud;0.9559
Hiiumaal käisite vedasid;0.9559
pärinemisega rahva teisale;0.9559
korjatud kogemuse Te;0.9558
Aga karju ühtesoodu;0.9557
Eduardi kaugelt sugulane;0.9557
tõendeid Iga Stackelberg;0.9552
epigraafiks Ei Teie;0.9551
raputada jõudsingi Muidugi;0.9551
häbi räägivad vähem;0.955
Kõndisin pikkamööda altari;0.9548
Nõnda kuldkotka hotellis;0.9547
paatidega Rootsist konter;0.9546
püüa mängida sakslast;0.9545
sakslaste suruvad Teiseks;0.9544
Ligi kolm sülda;0.9542
istub täissöönud näoga;0.9541
eeldust Esiteks mõisahärra;0.9541
Ühed räägivad austria;0.9539
tellinguid seistes vaadata;0.9537
Kellelegi lastakse püstolist;0.9537
pursib vajadust saksa;0.9537
paar sellas Muidugi;0.9536
ajas kolmeaastasele tüdrukuke;0.9534
kurjuse triumfi keskfiguuriga;0.9534
kujutada Kaarli sakslastest;0.9533
üliväga korda altaripildi;0.9532
hingeldades jää netigi;0.9532
põlves pane praktiliselt;0.9531
gaasitulede valgel ööni;0.9531
noor külapoisse ajama;0.953
Delakraamariani moodi alasti;0.9528
järjest halba rääkida;0.9528
kuus Hiilgav kompositsioon;0.9527
piale omaeneseadra korjatud;0.9527
nägu päevitanud sarnakas;0.9527
selgelt keeliderredega Me;0.9526
kahearstina kõrgune nägu;0.9525
Aga stseeni paremas;0.9523
vana Moilisusest liiasdaktuaalsusest;0.9521
saksa mõisahärrale otse;0.9517
sõitsegi kirikusse vaatama;0.9516
näoga rooma paavst;0.9515
küsis Ungari näitemängu;0.9515
asja Siifi soovituskirjadega;0.9514
hammustada Kes mees;0.9514
jänese kubjas talli;0.9514
Nõnda rahvuslik Eesti;0.9513
Lõhkuja hobuse peremees;0.9513
Sest sinihallikat Kohlu;0.9512
netigi säisma põrguline;0.9511
Pariisis kuulsamaid freskomaali;0.9511
balti ringkondades järgnenud;0.9508
maalinud Lubage iseloomustanud;0.9508
kurjuse triumfi Ligi;0.9507
onkel Mihhaili Pariisis;0.9506
Ometigi teate asi;0.9505
triumfi keskfiguuriga lahendus;0.9505
iseloomustanud Võib-olla modelli;0.9503
näitemängu lugenud Aga;0.9503
sugulaste viibisid hiljaaegu;0.9503
austria madrusest inimpõlv;0.9502
Kaarli sakslastest pastorid;0.9501
hüüab kristus pagejale;0.95
laseb hoolega saksa;0.95
nõuate tõendeid Iga;0.95
õuemaalija austria asjadesse;0.9499
Aga Sest kahearstina;0.9499
tean Stackelberg jänese;0.9498
saarenurgast Ja salata;0.9495
ütelda Ja omandame;0.9494
Tema proua Anna;0.9493
hiljaaegu karjapoissi käega;0.9493
Mulle kinnitati nähtud;0.9492
küllalt noor külapoisse;0.9492
tõsi ristiga vehkides;0.949
kabelit jääd Kabel;0.9489
parema käsivarre heidetud;0.9489
illustreerida sügavam asi;0.9486
selja kõndisin tellingulaudade;0.9486
piisab härra professor;0.9485
iseloomulikum sadist siinmail;0.9484
10000 vabaks saamisele;0.9484
libistasin näpuotstega ettevaatlikult;0.9483
peast segi tänini;0.9483
iiales nähtud Te;0.9481
vilgnemy Juhani Jaani;0.9479
looma suure vaevaga;0.9478
verisest peast teele;0.9478
omamoodi kuulus Siis;0.9477
kokkade võimu e-moemeeste;0.9477
Tõtt-öelda natuke temperamentne;0.9476
mõnikümmend aastat Hiiumaal;0.9476
tükk efektidega Mihhail;0.9476
näo maalitud Kristuse;0.9476
näkku Tema ütelnud;0.9475
kirjutasin eesti kristus;0.9474
püsinud Aga kutsari;0.9473
mo süda Sammoid;0.9473
Siifi soovituskirjadega teada;0.9472
Siis pakun konkreetsused;0.9471
politseiprefekti käsul näituselt;0.947
Teiseks eesti kristus;0.947
enesesaarel räägitama Taolivad;0.9469
ütleb soone kubjas;0.9469
Siin tunnistan natukene;0.9468
Ja mõisavalitseja lastele;0.9467
Tema ütelnud laske;0.9467
küllalt hästi teate;0.9466
vähem Nende Ilusa;0.9465
lõhkuma ajas kolmeaastasele;0.9465
teadoffijaid soolaaidaks tarvitati;0.9464
Aga arvate karjapoisiga;0.9464
Noortiivuline tõstetud kätega;0.9463
astusin võeti selgelt;0.9462
Sest absurdne Kuid;0.9461
valu kuulus silmapilgul;0.9461
triumfi ühist Narrus;0.946
hingeteadus eriala Ometigi;0.946
Voomagama kaks nädalat;0.946
Mihhaili Pariisis barbi;0.9459
Ma tunnistan hammas;0.9459
arvavad saare häbi;0.9459
Mihhaili pilt politseiprefekti;0.9458
ühtegi arusaadavasse keelde;0.9458
korrade Syriidik paterdad;0.9458
tähele panna Niisiis;0.9458
von Stackelberg mäletate;0.9457
terves Vene impeeriumis;0.9457
kontakti Sest kassi;0.9457
ühist Narrus skandaal;0.9457
ettevaatlikult maalitud Voll;0.9455
Sest loodab kindlasti;0.9453
kuivanud Sest sinihallikat;0.9453
kristus peksis hiljaaegu;0.9452
Hiilgav kompositsioon suurepärane;0.9452
Pariisi saksa Ministrite;0.945
Midagi sfäärdust fresko;0.9449
aasta Seda ülepea;0.9448
Seekord tihkemalt kuus;0.9448
parasjagu kurjuse triumfi;0.9447
nali varsti teatavaks;0.9446
kassarlikud sorrist lõppude;0.9446
soola Iial leidnud;0.9445
räägivad austria madrusest;0.9443
kuulus Siis pakun;0.9442
loodab kindlasti sakslased;0.9442
Faust Millal ütelda;0.9441
Nojah võib-olla rubladeks;0.9441
Ja peategelaseks Lutsifer;0.9441
Muidugi pursib vajadust;0.9439
Niisiis professor Köleri;0.9438
paarkümmend vihtuda Kas;0.9438
Härra Köhler teate;0.9435
rääkida Nagu kirjutasin;0.943
kalliste suguvendade lobimine;0.943
isand kallis naaber;0.9428
mast Peterburis õuemaalija;0.9426
viimast põlvkonda eestlane;0.9426
Ütelge lihtne talumees;0.9426
Teie kristus peksis;0.9425
stseeni paremas servas;0.9425
rootslane Aga tegude;0.9424
Stackelberg inimestest kinnitab;0.9424
eestlane olevatki Ühed;0.9422
põlvili maas kuklasse;0.9422
kurjuse triumfi hoopiski;0.9421
otsustanud näitemängu illustreerida;0.942
binute pealegi sakslaste;0.9417
varakult kell sõitsegi;0.9417
Tema pilti pandi;0.9411
keelde pandud Sina;0.9407
keisri selja 48;0.9407
loen neljandat korda;0.9405
professor Kui teada;0.9401
Vene impeeriumis Ma;0.9395
Sina Johan tead;0.939
48 mast Peterburis;0.9376
